1 0.550157846875 0 0.35382218359375 0.000055178124999999994 0.35208771015624996 0.84375 0.35328499921875 0.84375 0.93005080390625 0.561172603125 0.9890622265625 0.6688793828125 0.9984375 0.32011510703125 0.9984375 0.28014831640625004 0.7803830453125 0 0.550157846875 0
1 0.8294056445312499 0.7070757624999999 0.9999566039062501 0.61536457890625 0.87453193359375 0.68101767734375 0.86238263984375 0.63237594453125 0.40707464609375005 0.8304174726562501 0.40707464609375005 0.9971892195312501 0.5057813359375001 0.99921875 0.53948313359375 0.99921875 0.52219939453125 0.8338918312500001 0.8294056445312499 0.7070757624999999
1 0.81545005703125 1 0.8050362859375 0.97469229921875 0.5932896585937499 0.9069412773437501 0.7321398875 0.78012520859375 0.58634709140625 0.7123741867187501 0.5360139171875 0.769701975 0.47526697109375 0.7262718593749999 0.51518637421875 0.6897905398437499 0.43576387578125003 0.6388888859375 0.38154303046875004 0.6897905398437499 0.41451986640625 0.75754156171875 0.46138183671875 0.73843227265625 0.49783003593749997 0.769701975 0.46311751875 0.8357158968749999 0.46138183671875 0.8826204507812501 0.52039326015625 1 0.81545005703125 1
0 0.633687915625 1 0.7222001476562501 0.94516284375 0.88046875 0.904758146875 0.88046875 0.903467334375 0.77253348046875 0.78360271484375 0.61806243515625 0.8357188851562499 0.64583254453125 0.91563024140625 0.6076486640625001 0.93821396796875 0.6336818328125 1 0.633687915625 1
0 0.36100798046875 0.62914298046875 0.39745617890624996 0.6760475335937499 0.48250187109375 0.63782903515625 0.5272833234375 0.684375 0.52793001328125 0.684375 0.5546875 0.652571515625 0.5546875 0.65062865078125 0.47555946328125 0.5283850765625 0.36100798046875 0.62914298046875
0 0.490625 0.71600566015625 0.490625 0.7160538359374999 0.5390349828125001 0.76796875 0.53933309140625 0.76796875 0.57734375 0.72300609140625 0.57734375 0.72293923359375 0.5439571476562499 0.69114385078125 0.490625 0.71600566015625
0 0 0.0020922289062499998 0.18033400234375002 0.22250793671875 0.23587422109374998 0.48656322812499997 0.16124214140624998 0.8513765031249999 0.06883452031250001 0.98526880703125 0.36336319140625 0.99375 0.36608708515625 0.99375 0.48233344609374995 0.773202246875 0.51484375 0.50189057265625 0.51484375 0.49897819140625 0.49795410234375004 0.35279836328125 0.333069365625 0.000025754687500000002 0 0.00188188515625 0 0.0020922289062499998
0 0.08984375 1 0.08984375 0.9891457515625 0.08903255156249999 0.831770828125 0.000035 1 0.08984375 1
0 0.11420310156249999 0.12578125 0.11438111015625001 0.12578125 0.1171875 0.02414610703125 0.1171875 0.00022320078124999997 0.00012068125 0.00022320078124999997 0.11420310156249999 0.12578125
2 0.06396447578125 1 0.1625 0.8484840773437501 0.1625 0.6029114546875001 0.16248464609375 0.589583328125 0.145426059375 0.75250355390625 0.00859375 0.99966351484375 0.00859375 1 0.06396447578125 1
2 6.0703125e-7 0.000173609375 0.17908226249999998 0.3625 0.1793651609375 0.3625 0.18984375 0.14828024921875 0.18984375 0.13144486015625 0.07289700546875 0.000173609375 6.0703125e-7 0.000173609375