1 0.06015625 0.6546875 0.40625 0.64453125 0.40234375 0.20078125 0.403125 0.1984375 0 0.6328125 0.06015625 0.6546875
1 0.4330012046875 0.22460802890624998 0.2237772875 0 0.001476875 0.18153251640625 0.00224608046875 0.1915321890625 0.28608293906250004 0.49767601015625 0.44069326015625 0.66613203203125 0.54530521953125 0.63151778046875 0.4330012046875 0.22460802890624998
1 0.19546320234375 0 0.00017876640625 0.00207808359375 0.20896282421875 0.17109375 0.2092974125 0.17109375 0.2109375 0.0458405078125 0.2109375 0 0.19546320234375 0
0 0.11839612265624999 0.99919804765625 0.39069489765625 0.7361297390625 0.37300316953125 0.6630552093750001 0 0.65228633125 0.001476875 0.66228600390625 0 1 0.11839612265624999 0.99919804765625
1 0.37112614140625 0 0.23203125 0.58635028671875 0.23203125 0.586749534375 0.35872324765624997 0.62109375 0.35969916875 0.62109375 0.47193440390625 0.21981434921875 0.66953125 0.00607145703125 0.66953125 0.00590400859375 0.66215123984375 0 0.37112614140625 0
1 0.60376484296875 0.10307354765625001 0.5999188156249999 0.11076560312499999 0.663762878125 0.48306110390625 0.8383725453125 0.4822918984375 0.75145231484375 0.0738437359375 0.60376484296875 0.10307354765625001
1 0.9983673054687501 0.62997936953125 0.6753009624999999 0.6607475929687501 0.47376910078125 0.741514178125 0.4476161109375 0.9907367859375 0.45376975546875 0.9999672531250001 1 0.9961212250000001 0.9983673054687501 0.62997936953125
0 0.42146312109375 1 0.49992208984375 0.7607443179687501 0.4583849890625 0.7245916554687499 0.4599234 0.71766880546875 0.24146901562499998 0.9461228625 0.30146705078124997 1 0.42146312109375 1
1 0.65607082265625 0.4822918984375 0.6599168507812501 0.48459951484374997 0.6806854015625 0.5861346515625 0.86760235703125 0.52998264375 0.8414493671875001 0.47306143125 0.65607082265625 0.4822918984375
1 1 0.0021230070312499997 0.779143715625 0.049813753125 0.86760235703125 0.34383489375 0.8737560015625 0.347680921875 0.8976013742187501 0.47383063671875 1 0.44306241328124996 1 0.0021230070312499997
1 0.9961395460937499 0.00144041796875 0.54307746015625 0.0022096234374999997 0.5429831765625 0.0129785015625 0.96009958671875 0.11015625 0.96247873984375 0.11015625 0.9999855742187499 0.0060556515625 0.9961395460937499 0.00144041796875