2 0.271484375 1 0.994140625 0.99609375 0.998046875 0.1396484375 0.7490234375 0.5849609375 0.26171875 1 0.271484375 1
0 0.861328125 0.3427734375 1 0.1142578125 0.9970703125 0 0.8408203125 0.001953125 0.8330078125 0.0087890625 0.8349609375 0.158203125 0.6943359375 0.1591796875 0.6943359375 0.326171875 0.861328125 0.3427734375
0 0.705078125 0.4814453125 0.6826171875 0.568359375 0.6474609375 0.6201171875 0.6171875 0.609375 0.533203125 0.587890625 0.4970703125 0.6376953125 0.5654296875 0.6708984375 0.564453125 0.71484375 0.5126953125 0.75 0.423828125 0.8212890625 0.439453125 0.8359375 0.451171875 0.8369140625 0.771484375 0.5087890625 0.705078125 0.4814453125
1 0 0.63021009296875 0.0359375 0.6904296875 0.010546875 0.7119140625 0.09453125 0.810546875 0.0818359375 0.8525390625 0.2361328125 0.96875 0.29765625 0.951171875 0.326953125 0.9208984375 0.373828125 1 0.478125 0.9961010515625001 0.478125 0.995751953125 0.4744140625 0.9892578125 0.43046875 0.798828125 0.3044921875 0.515625 0 0.6298095703125 0 0.63021009296875
1 0.20302734375 0.0029296875 0.00185546875 0 0.09267578125 0.1787109375 0.13466796875 0.255859375 0.20107421875 0.34765625 0.20595703125 0.00390625 0.20302734375 0.0029296875
1 0.00009765625 0.42109375 0.115625 0.76767578125 0.115625 0.34794921875 0.11240234375 0.3576171875 0.00009765625 0.42109375
1 0.0105150796875 0 0.00390625 0.0405970984375 0.00390625 0.0421745453125 0.19501618125 0.41171875 0.19550107734375 0.41171875 0.30625 0.35537280703124996 0.30625 0.35494367734375 0.096484375 0.00078125 0.027734375 0 0.0105150796875 0
1 0.2958984375 0.005859375 0.296875 0.033203125 0.21484375 0.2294921875 0 0.2294921875 0.333984375 0.2900390625 0.4208984375 0.0009765625 0.2958984375 0.005859375
1 0.17119140625 0.357421875 0.09697265625 0.4052734375 0.22783203125 0.6279296875 0.22783203125 0.623046875 0.61484375 0.496317596875 0.61484375 0.49404296875 0.53642578125 0.2587890625 0.17119140625 0.357421875
1 0.0068359375 0.873046875 0.1728515625 0.5185546875 0.095703125 0.49609375 0.09375 0.5009765625 0 0.748046875 0.0068359375 0.873046875
1 0.68818359375 0.21083984375 0.68525390625 0.20791015625 0.54072265625 0.21474609375 0.5514439171875 0.36484375 0.55225319609375 0.36484375 0.69599609375 0.31142578125 0.68818359375 0.21083984375
1 0.6689453125 0.4248046875 0.6787109375 0.357421875 0.5527475125 0.3222262125 0.5419921875 0.3544921875 0.6689453125 0.4248046875
1 0.57882899921875 0.6265625 0.58050340234375 0.6265625 0.69521484375 0.5966796875 0.59462890625 0.408203125 0.5884765625 0.4046875 0.58750623359375 0.4046875 0.52041015625 0.49609375 0.57882899921875 0.6265625