0 0.71740625 0.23036718750000001 0.1120000000000001 0.06339062499999999
0 0.87962040078125 0.18072014453125002 0.85452212421875 0.1850053375 0.85452212421875 0.212144784375 0.91677558359375 0.26071016796875 0.96822171171875 0.26328125 0.974067509375 0.26328125 0.98108285703125 0.2478545890625 0.9968025 0.24928298671875 0.99921875 0.19243556171875 0.99921875 0.17013380234375 0.8839073781250001 0.16643622265625 0.87962040078125 0.18072014453125002
0 0.88791625234375 0.3420948015625 0.83218336875 0.3420948015625 0.82218005859375 0.422084796875 0.86362243671875 0.45493780703125 0.9079230898437499 0.45779460234374997 0.9236425148437499 0.42065637265625 0.9434449421875 0.33092538359375 0.8964906421875 0.33066767421875 0.88791625234375 0.3420948015625
0 0.51903469375 0.38204456953125 0.5461866750000001 0.38061614453125003 0.5461866750000001 0.36061868671875 0.55476095703125 0.33633600859375 0.55476095703125 0.31491012578125 0.570480490625 0.2977694078125 0.5404704515625001 0.24063372031250002 0.5018860218750001 0.24063372031250002 0.4890246546875 0.1863548 0.41485075 0.19152456640624999 0.47330501171875 0.34633476484375 0.5061732171875 0.34776313515625 0.51903469375 0.38204456953125
0 0.007434563281250001 0.41775437421875 0.00457650546875 0.4577493453125 0.024583234375 0.4677481015625 0.033157515625 0.5191703078125001 0.10746809921875 0.55773679921875 0.12032957578125 0.53773928671875 0.16177206328125 0.4848887640625 0.11890054765625 0.4848887640625 0.1131843234375 0.4420369984375 0.168917315625 0.440608628125 0.18463684921875 0.41632594999999994 0.177491596875 0.39490006640624997 0.12032957578125 0.39204327109375 0.080754728125 0.40591773515625 0.11604238124999999 0.49488752031249994 0.09746478984375 0.4520357546875 0.007434563281250001 0.41775437421875
0 0.000163815625 0.64187080859375 0.09863590859375 0.8515625 0.099414065625 0.8515625 0.15703125 0.82640308984375 0.15703125 0.8182877312500001 0.1545012078125 0.786138453125 0.12449116874999999 0.7961371546875 0.060183894531250004 0.6604399507812501 0.14021070156249998 0.6047327421875 0.15703125 0.622644240625 0.15703125 0.61214487109375 0.15371817578125 0.55227863671875 0.000163815625 0.64187080859375
0 0.50500487109375 0.53191202578125 0.478051090625 0.52311484375 0.44724669921875 0.593492365625 0.40984143203125 0.59404218203125 0.38673813749999997 0.6358288507812501 0.39388916640625 0.64847485 0.42029291874999997 0.6380281359375 0.43631044609374997 0.659375 0.43751192734375 0.659375 0.46484921484374997 0.6347292398437501 0.48740239765625004 0.64297660546875 0.50280459296875 0.6264818734375 0.519306928125 0.6264818734375 0.5204070671875 0.6418769109375 0.5457106390625001 0.6418769109375 0.54681081875 0.62593201484375 0.5369094023437501 0.61713481171875 0.55 0.5977856554687501 0.55 0.5966043015625 0.49950409296875 0.59294255 0.50500487109375 0.53191202578125
0 0.657070709375 0.3799475078125 0.6176301890625 0.38213763828124997 0.6176301890625 0.41060932734375 0.6469914515624999 0.40622906640625 0.664520571875 0.40141078593749996 0.66977932734375 0.41455156875 0.68643197109375 0.41367551328124996 0.6846790859375 0.3987826359375 0.7232431296875 0.3913361796875 0.7245578265625 0.4224360359375 0.745592784375 0.42155998046875 0.74471634140625 0.39615446875 0.7723246515625 0.38301368515625 0.76312190390625 0.35760817421875 0.74778392421875 0.36768277109374997 0.74822211171875 0.35541804374999997 0.72061376796875 0.3597983046875 0.7162314882812499 0.31862385546875 0.67892786171875 0.3211648796875 0.68555552890625 0.38783199140625 0.6610147679687499 0.38958407734375 0.657070709375 0.3799475078125
0 0.72061376796875 0.433824725 0.70702870703125 0.42637827734375 0.7065904859375001 0.41542762499999997 0.6904332570312499 0.42033042578125 0.68687022578125 0.4535359 0.6886231109375001 0.46361049765624995 0.721928465625 0.46492457265625 0.72061376796875 0.433824725
0 0.600539290625 0.54603218359375 0.6009775125 0.50573377734375 0.602292209375 0.49127891953124997 0.5751220874999999 0.48865077734374995 0.5597841078125 0.4960972078125 0.55565577421875 0.52771411171875 0.56767219140625 0.5425279781250001 0.5746838328125 0.564867303125 0.600539290625 0.54603218359375
0 0.62007492421875 0.6270567429687499 0.60824278125 0.62267648203125 0.60824278125 0.6156680375 0.5929048015625 0.6143539453125 0.58764607890625 0.6437016984375 0.6198902054687501 0.6515625 0.62394101640625 0.6515625 0.6421875 0.6059927507812499 0.6421875 0.6043645859375 0.6209514 0.60296530625 0.62007492421875 0.6270567429687499
0 0.862301890625 0.538730046875 0.8750104750000001 0.5518708304687501 0.8899101999999999 0.55318490546875 0.88158389609375 0.596111478125 0.89899736015625 0.60078125 0.8995773757812501 0.60078125 0.91171875 0.53169606328125 0.91171875 0.46995995234375 0.8719428921875 0.46995995234375 0.862301890625 0.538730046875
0 0.848677040625 0.46796875 0.9051546578125 0.46796875 0.90859375 0.45967458359375 0.90859375 0.45775997421875003 0.86076149296875 0.44726211562499996 0.848677040625 0.46796875
0 0.43786771796875 0.78829655625 0.45232925546875 0.7909247234375 0.44838523046875 0.8294710179687501 0.4654760953125 0.84743008203125 0.43918241562500004 0.8675792937500001 0.4383059734375 0.894736915625 0.47718978359374997 0.9 0.48042707656249994 0.9 0.4834434703125 0.8745877046875 0.505793090625 0.87677783515625 0.50798423125 0.8176443093750001 0.52069284921875 0.8172062898437501 0.52734375 0.79501058671875 0.52734375 0.793457478125 0.44487939296874995 0.75894882734375 0.43786771796875 0.78829655625
0 0.33799924140625 0.97125807109375 0.32222303984375 0.9778284625 0.31126733984375 0.9668778093749999 0.28847949765625003 0.96862990390625 0.2871965609375 0.998887425 0.354213696875 0.99929173203125 0.35465191796875 0.9835227984375001 0.33799924140625 0.97125807109375
0 0.83775611484375 0.93533992578125 0.8601057359375 0.9322737234374999 0.86098221171875 0.9151907312500001 0.8850847515625 0.9160667703125001 0.8868376367187499 0.8941654640625 0.89428756640625 0.90204994765625 0.92408701640625 0.90292598671875 0.93635741328125 0.93796807578125 0.99990047265625 0.8801486421875 0.99902403046875 0.8569332445312501 0.9477513679687499 0.8709500671875 0.9227723859375001 0.8718261390625001 0.91532245625 0.87927256953125 0.89121991640625 0.87927256953125 0.8750054945312501 0.859123375 0.8580832960937499 0.863014190625 0.8583528507812501 0.90117387578125 0.85002651171875 0.90336400625 0.8417001734375 0.8941654640625 0.83775611484375 0.93533992578125
1 0.7777154703125 0.8442092765625 0.72994864609375 0.8477134992187499 0.72775750625 0.8034728843750001 0.7115430500000001 0.7806954898437499 0.68612584609375 0.777191284375 0.68125 0.85435634609375 0.68125 0.8604663828125 0.7176782484374999 0.86523454375 0.7215739296875 0.93359375 0.78871732109375 0.93359375 0.860102346875 0.932690571875 0.86182277734375 0.836694940625 0.878125 0.8269178773437501 0.878125 0.8078305296874999 0.78209775078125 0.8021587765625 0.7777154703125 0.8442092765625
1 0.90693779375 0.86015625 0.9088504085937499 0.86015625 0.91228296953125 0.846003228125 0.91228296953125 0.8188456390625 0.93025034375 0.8166555085937499 0.93200322890625 0.8008865421875001 0.9298120890625 0.7820514226562499 0.989849378125 0.785555628125 0.9916022632812499 0.77110075234375 0.97012911796875 0.76847260234375 0.99642279765625 0.75752195 0.9984375 0.74601461953125 0.9984375 0.73968273984375 0.98064656328125 0.73430656875 0.9837141460937501 0.7189756546875 0.96224100078125 0.71459539375 0.9643636359375 0.6926454078125001 0.8799993734375 0.6609375 0.8794158695312501 0.6609375 0.8794158695312501 0.8556397898437501 0.90693779375 0.86015625
1 0.31398561875 0.112124046875 0.34904385859375 0.12351271953125001 0.35430258124999997 0 0.0006574414062499999 0.00120532734375 0.00021438124999999998 0.22206859531249998 0.28900663671875 0.25798673984375 0.31398561875 0.112124046875
1 0.1115242984375 0.35362885546875 0.136065059375 0.34399229453125 0.18295544140625 0.3580091171875 0.1825172203125 0.38327323828125 0.18164077812499999 0.4095548046875 0.1987316765625 0.41043082734374997 0.2245871015625 0.4113068828125 0.23159877578125002 0.44503489687500003 0.2587688984375 0.44897713906250003 0.25613953671875 0.41743923828125 0.27454509921875003 0.41743923828125 0.2894448578125 0.26325405078125 0.00175319296875 0.22473871328125 0 0.3654555640625 0.10977137968749999 0.37421608671875 0.1115242984375 0.35362885546875
1 0.19128287187499998 0.48661442109374997 0.1956651515625 0.47785389843750004 0.21626188750000003 0.4813581375 0.21626188750000003 0.4931848125 0.23992617265625 0.49493690703125 0.2394879515625 0.51771426875 0.19873276796875 0.51421009609375 0.1943504875 0.5768477937500001 0.2390497296875 0.562830971875 0.263590490625 0.56589714140625 0.25964643203125004 0.57334360546875 0.2377350328125 0.5698393828125 0.2394879515625 0.5943688390624999 0.20618263046875002 0.59612095 0.20749732734375 0.60663358359375 0.2320380890625 0.60531949140625 0.24211731250000001 0.61977436640625 0.25482593124999997 0.6022533218749999 0.25876998984375 0.65134244453125 0.2732315265625 0.64945165625 0.28155783203125 0.6599643226562499 0.25876998984375 0.66303047578125 0.2377350328125 0.718221759375 0.20180035 0.7147175875 0.203991490625 0.652955878125 0.17988895078125 0.6560220476562499 0.18164186953125 0.67310510625 0.15184235234375001 0.67441914765625 0.15008943359375 0.6919401921875 0.180327171875 0.69369230390625 0.18251831171875 0.7261062429687499 0.203991490625 0.7239161125 0.2066208515625 0.73486676484375 0.2394879515625 0.7409991375 0.23422922890625003 0.7642145015625 0.23379100703125003 0.80322904296875 0.28550189062500003 0.80979943515625 0.294704671875 0.7900882593749999 0.33940394765625 0.79972482109375 0.33589811015625004 0.8163698265624999 0.35649484609375 0.8211881070312501 0.51206575078125 0.7581123562500001 0.502863003125 0.74584761171875 0.488401465625 0.74978988671875 0.48358093125 0.73051669765625 0.4695576484375 0.733582884375 0.46868120625 0.71474779765625 0.4607930890625 0.7134336890624999 0.46517536875000004 0.68452395546875 0.47876046328125 0.682333825 0.47262523125 0.6442255664062501 0.45378148124999995 0.65736635 0.43931994375 0.64991990234375 0.43756699140625 0.6288946609375 0.41959968359375 0.62801858828125 0.4204761265625 0.647729771875 0.3823503046875 0.6433495109375 0.38454144453125 0.5942905828125 0.43625236093749997 0.58981285703125 0.42967894140625 0.5262990375000001 0.47569288046875 0.5171004953125 0.48401918593750004 0.5092160117187501 0.4770075109375 0.47461195078124996 0.307413290625 0.47855418359375 0.30697506953125 0.46541340859374997 0.33151583046875 0.46366129765624997 0.32888646875 0.44482619453125 0.170498984375 0.44279333984375 0.11678411250000001 0.44456390390625 0.1211663921875 0.48004402890625003 0.16937147187499998 0.4813581375 0.19128287187499998 0.48661442109374997
1 0.970250940625 0.0021488453125 0.7722547234375 0.00004262265625 0.359436559375 0.00329808203125 0.7569501671875 0.10546875 0.75846266875 0.10546875 0.7722547234375 0.00167035234375 0.970250940625 0.0021488453125
1 0.585996565625 0.41281355859374996 0.5811111570312499 0.3957224109375 0.5167864265625 0.38432839453125 0.52004338671875 0.33386892343749996 0.48014576406250004 0.32898576484375003 0.48014576406250004 0.312708528125 0.5208576109374999 0.2720154359375 0.5265572445312501 0.23701938359375002 0.5811111570312499 0.24108869296875 0.58273960546875 0.18167675390625 0.716274475 0.18493221328125 0.716208028125 0.0033097578125 0.356381775 0.3143362578125 0.39627933515625 0.31596395703125 0.3913938640625 0.37944517421875 0.46141828984375 0.381886784375 0.48421694921874997 0.4600175078125 0.5813415 0.4640625 0.58193807421875 0.4640625 0.6014670796875 0.42664918515625 0.585996565625 0.41281355859374996
1 1 0 0.5713834953125 0.10842796406249999 0.55591298125 0.0026259328124999997 0.359545275 0.00223952421875 0.65606414921875 0.25248149999999997 0.65606414921875 0.18818643359375 0.77657123984375 0.17597850546875 0.79041324296875 0.27038646640624997 0.8628802804687499 0.2467844609375 0.8531094625 0.16539829296875 1 0.16377059375 1 0
1 0.32436108359375 0.26523341640625003 0.3419451390625 0.33302630546875 0.3205930859375 0.3644119046875 0.2873089984375 0.36755046406249997 0.23204491484375 0.363784178125 0.23267290625 0.40709633828124997 0.1874568328125 0.411490303125 0.16798875468750002 0.45103617656250006 0.18431682656249998 0.4585687015625 0.30740506875 0.46735667890625 0.4166773015625 0.47300609609375 0.4260973203125 0.42781080468750005 0.4260973203125 0.40144692109375 0.4568693453125 0.38889265703125 0.4694293703125 0.35562392734375 0.41228126328125 0.18928025234375 0.35199315000000003 0.18928025234375 0.3557611484375 0.130275353125 0.31578005234375 0.11792681796875 0.29358901171874996 0.18928025234375 0.31556905625 0.19304655078125 0.32436108359375 0.26523341640625003
0 0.29285693749999997 0.19743713671875002 0.28984375 0.2600825765625 0.28984375 0.26171875 0.2969368234375 0.26171875 0.3203125 0.25847964140625 0.3203125 0.25753129609375003 0.3116969765625 0.19429858828125 0.29285693749999997 0.19743713671875002
1 0.34257313046875 0.336164865625 0.333781103125 0.27402137031249996 0.29065583046875 0.2655316234375 0.27098097499999996 0.36566733359375003 0.31242905 0.37006129765625 0.34257313046875 0.336164865625
1 0 0.96691579765625 0.011652565625 0.99921875 0.99609375 0.99921875 0.99609375 0.8591985171875001 0.8644087921875 0.9219268648437501 0 0.9669136484375 0 0.96691579765625
2 0.23159536875 0.76982313671875 0.1740307984375 0.75450995078125 0.17378294140625 0.8244488007812499 0.22662711875000002 0.8262546140625 0.23159536875 0.76982313671875
2 0.21669061796875 0.6854016859375001 0.220755528125 0.71158588046875 0.2401769109375 0.71158588046875 0.25508169609375 0.6646348984375 0.2790196421875 0.6578631234375 0.27766468359375 0.65334860625 0.2573399953125 0.650639903125 0.24966175859375 0.6592174749999999 0.214686925 0.6523049656250001 0.21488397187500002 0.67411539375 0.21036737421875001 0.6831444273437499 0.21669061796875 0.6854016859375001
2 0.2008825265625 0.9101751101562501 0.1361980140625 0.9160051203125 0.133133546875 0.9255244484375 0.16384640625 0.9300389656249999 0.2008825265625 0.924170096875 0.2008825265625 0.9101751101562501
2 0.36999961406250004 0.95221299921875 0.49313995468750005 0.94970109453125 0.6104165578125 0.9337923124999999 0.7075885351562501 0.92458198515625 0.9169536921875 0.9176198867187499 0.9262254992187501 0.9262565671875 0.9999422062500001 0.93211769921875 0.9957537585937499 0.915371625 0.79219516875 0.9019747796875001 0.7042377640625 0.9128597203125001 0.603715015625 0.9229073718749999 0.4906268609375 0.9363042171875 0.3582720109375 0.94216535 0.2309430953125 0.9463518679687499 0.12706963984375 0.95221299921875 0.12662029375 0.967284459375 0.149399903125 0.96953125 0.1664812265625 0.96953125 0.23680702421875002 0.95639951875 0.36999961406250004 0.95221299921875
1 0.45968855078125 0.91203434375 0.45968855078125 0.8676572882812501 0.43455786328125 0.7931372171875 0.23518778515625 0.8006730265625001 0.22681085703125 0.8358397234374999 0.166497234375 0.84588734140625 0.1572826296875 0.80904606328125 0.0986543046875 0.811855965625 0.09110517343749999 0.876867615625 0.12461275546874999 0.9044985984375 0.45968855078125 0.91203434375
1 0.8133652023437501 0.418622759375 0.8125275257812501 0.39601558593749997 0.77901994296875 0.38513061328125 0.7882345796875 0.35498775781249997 0.828443640625 0.3566623078125 0.8368205359375 0.2804676546875 0.62823582109375 0.262884290625 0.5737859992187501 0.21515797499999997 0.5570322078125 0.21599529843749998 0.55624467734375 0.64641896953125 0.5545174984375 0.76297599453125 0.66341875703125 0.7738609039062501 0.671795653125 0.6197970484375 0.62739808046875 0.6080748476562501 0.65504186171875 0.46405854765625004 0.6047804875 0.4364275328125 0.6123197703125001 0.3401376109375 0.7413239125 0.3300899609375 0.7354601109375001 0.41298302031249995 0.6986016937499999 0.51597138125 0.68184790234375 0.6013763609375 0.6759841007812499 0.76967438515625 0.8477105257812501 0.79747867734375 0.85357432734375 0.7623118843750001 0.9239402632812499 0.75310155703125 0.9314794828125 0.6844426828125 0.97671466796875 0.59613114296875 0.99681923046875 0.518261940625 0.99921875 0.4822858890625 0.99921875 0.46757775234375 0.8376582125 0.39182906796875 0.8133652023437501 0.418622759375
1 0.52921681015625 0.69815445 0.53508061171875 0.7894205624999999 0.4789554359375 0.79946818046875 0.478117759375 0.84803181875 0.498222321875 0.8430079781250001 0.53089216328125 0.8647778921875 0.5208399140625 0.9125042078125001 0.6146611203125001 0.920039953125 0.63309032890625 0.7333212101562501 0.554347496875 0.5265071984375 0.48510277109375 0.5311833671875 0.5384313828125 0.59684073515625 0.56356206953125 0.67387263125 0.52921681015625 0.69815445
1 0.11017444843749999 0.56469651328125 0.12209966171875 0.625309025 0.18660176484375 0.61442408359375 0.1748741296875 0.5733962070312499 0.11017444843749999 0.56469651328125
0 0.162780184375 0.49014432421875 0.14360069609374998 0.49246803828125 0.1465066796875 0.5133814851562499 0.17266051093749998 0.5139624046875 0.17498530703124998 0.54765629375 0.17847247890625 0.56935099296875 0.13139552890625 0.56702726796875 0.13139552890625 0.592588153125 0.16394256015625 0.58968350859375 0.16394256015625 0.6094350921875 0.115703234375 0.60536860703125 0.11512204609375001 0.6489382828125 0.12438204140625 0.64921875 0.1343015125 0.64921875 0.1343015125 0.6291866765624999 0.1651049578125 0.6291866765624999 0.16742975390624998 0.6489382828125 0.17875019765625 0.64866228984375 0.177891290625 0.59471154609375 0.1941647953125 0.5743790304687499 0.2546875 0.554214078125 0.2546875 0.5533317906249999 0.206951128125 0.48549690781250004 0.162780184375 0.49014432421875
0 0.188562340625 0.7389392671875 0.1943743078125 0.83188790859375 0.23671875 0.8398238140625001 0.23671875 0.8085009546874999 0.23542056640625 0.72695780078125 0.188562340625 0.7389392671875
0 0.1883210015625 0.65438695390625 0.18541501796874998 0.6154647062499999 0.1418355390625 0.6293952640625 0.14938081484375001 0.67297668671875 0.17902186250000002 0.6741385492187499 0.1883210015625 0.65438695390625