0 0.71740625 0.23036718750000001 0.1120000000000001 0.06339062499999999
0 1 0.1849264296875 0.9749017234374999 0.18064123671875001 0.97061474609375 0.16635731484375 0.8543567476562499 0.17008524921874998 0.8577196242187499 0.24920407890625002 0.8734392671875 0.24777568125 0.88058451953125 0.26348800078125 0.937746540625 0.26063126015625004 1 0.2120658765625 1 0.1849264296875
0 0.90202027734375 0.45489255 0.94346265546875 0.422039540625 0.9334593453125001 0.34204954453125 0.87772646171875 0.34204954453125 0.8691520718750001 0.33062241796874997 0.8221977718750001 0.3308801265625 0.8420001992187499 0.42061111562500003 0.8577196242187499 0.4577493453125 0.90202027734375 0.45489255
0 0.51903469375 0.38204456953125 0.5461866750000001 0.38061614453125003 0.5461866750000001 0.36061868671875 0.55476095703125 0.33633600859375 0.55476095703125 0.31491012578125 0.570480490625 0.2977694078125 0.5404704515625001 0.24063372031250002 0.5018860218750001 0.24063372031250002 0.4890246546875 0.1863548 0.41485075 0.19152456640624999 0.47330501171875 0.34633476484375 0.5061732171875 0.34776313515625 0.51903469375 0.38204456953125
0 0.0916731375 0.45192578984375 0.07309554609374999 0.49477755546875 0.10838319921874999 0.4058077703125 0.06880835156250001 0.39193330625 0.01164633046875 0.3947901015625 0.0046875 0.41565697734375 0.0046875 0.41650395937500007 0.02022061171875 0.44049866328125004 0.07595360390625 0.44192703359375 0.0702373796875 0.48477879921874995 0.027365864062500002 0.48477879921874995 0.06880835156250001 0.537629321875 0.08128677578125 0.55703125 0.08281741015625001 0.55703125 0.15598041171875 0.51906034296875 0.16455469296875 0.46763813671875 0.184375 0.4577325484375 0.184375 0.4550306375 0.1817033640625 0.41764440937499997 0.0916731375 0.45192578984375
0 0.09746478984375 0.6605810484375 0.033157515625 0.79627825234375 0.0031474765625 0.78627955078125 0 0.82627457578125 0.05888036015625 0.8519855703125 0.15748486796875 0.64201190625 0.00393050859375 0.552419734375 0 0.62344281796875 0.01743798203125 0.60487383984375 0.09746478984375 0.6605810484375
0 0.39168258984375004 0.641600734375 0.41698616171875 0.641600734375 0.41808630078125003 0.6262056968749999 0.4345886359375 0.6262056968749999 0.44999083124999995 0.64270042890625 0.4725440140625 0.63445306328125 0.500597975 0.6597449359375 0.51710031015625 0.637751959375 0.5435040625 0.6481986734375 0.55065509140625 0.6355526742187501 0.527551796875 0.59376600546875 0.4901465296875 0.5932161890625001 0.45934213828125003 0.5228386671874999 0.43238835781249996 0.53163584921875 0.4378891359375 0.5926663734375001 0.386631365625 0.596383371875 0.4004838265625 0.6168586351562501 0.390582409375 0.62565583828125 0.39168258984375004 0.641600734375
0 0.7292751523437501 0.38941089765625 0.70473439140625 0.3876588125 0.71136205859375 0.3209917 0.67405843203125 0.31845067578125 0.66967615234375 0.359625125 0.64206780859375 0.3552448640625 0.64250599609375 0.36750959140625 0.6271680164062501 0.3574349953125 0.61796526875 0.38284050546875 0.64557357890625 0.39598128906249996 0.6446971359375 0.42138680156249997 0.65641926328125 0.421875 0.66574848984375 0.421875 0.6670467906249999 0.39116300000000004 0.705610834375 0.39860945625 0.70385794921875 0.41350233359375005 0.72051059296875 0.4143783890625 0.7257693484375001 0.40123760624999993 0.74329846875 0.4060558875 0.771875 0.410319078125 0.771875 0.3819208828125 0.7332192109375 0.379774328125 0.7292751523437501 0.38941089765625
0 0.7218259953125 0.45347762343750003 0.7182629640625 0.42027215 0.70210573515625 0.4153693484375 0.7016675140624999 0.42632000078125004 0.688082453125 0.43376644921874996 0.686801734375 0.4640625 0.70714004296875 0.4640625 0.72007311015625 0.46355222109375005 0.7218259953125 0.45347762343750003
0 0.60222446796875 0.5279106515625 0.598096134375 0.49629374765625 0.5827581546875 0.48884731718749996 0.5555880320312501 0.491475459375 0.55690272890625 0.5059303171875 0.55734095078125 0.5462287234375001 0.58289428046875 0.56484375 0.5832654890625 0.56484375 0.59020805 0.5427245187499999 0.60222446796875 0.5279106515625
0 0.62007492421875 0.6270567429687499 0.60824278125 0.62267648203125 0.60824278125 0.6156680375 0.5929048015625 0.6143539453125 0.58764607890625 0.6437016984375 0.6198902054687501 0.6515625 0.62394101640625 0.6515625 0.6421875 0.6059927507812499 0.6421875 0.6043645859375 0.6209514 0.60296530625 0.62007492421875 0.6270567429687499
0 0.899849025 0.55172651953125 0.9125576101562499 0.5385857359374999 0.9029166078124999 0.46981564140625 0.862161390625 0.46981564140625 0.8624663039062501 0.52771411171875 0.87530823046875 0.60078548125 0.8932756046874999 0.5959671671875 0.8849493 0.55304059453125 0.899849025 0.55172651953125
0 0.8482215296875 0.45813386640625 0.85252038828125 0.4685015578125 0.9090518398437499 0.4685015578125 0.8967814421875 0.44747630781250003 0.8482215296875 0.45813386640625
0 0.4821762578125 0.874391121875 0.48524384062500003 0.90023466953125 0.5273137546875 0.8945403328125 0.5264373124999999 0.8673827109375001 0.5001436328125 0.84723349921875 0.51723449765625 0.8292744351562501 0.5132904726562499 0.790728140625 0.52775201015625 0.7880999734375 0.5207403351562501 0.7587522453125 0.43786244609375 0.7934339453125 0.44492687890625 0.8170097070312501 0.45763549687499994 0.8174477265625001 0.45982663749999997 0.87658125234375 0.4821762578125 0.874391121875
0 0.35353849140625 0.96851155 0.33075065000000003 0.9667594546875 0.31979495 0.9777101078125 0.3040187484375 0.9711397164062501 0.287366071875 0.98340444453125 0.28778384296875 0.9984375 0.35390625 0.9984375 0.35390625 0.97718498125 0.35353849140625 0.96851155
0 0.83775611484375 0.93533992578125 0.8601057359375 0.9322737234374999 0.86098221171875 0.9151907312500001 0.8850847515625 0.9160667703125001 0.8868376367187499 0.8941654640625 0.89428756640625 0.90204994765625 0.92408701640625 0.90292598671875 0.93635741328125 0.93796807578125 0.99990047265625 0.8801486421875 0.99902403046875 0.8569332445312501 0.9477513679687499 0.8709500671875 0.9227723859375001 0.8718261390625001 0.91532245625 0.87927256953125 0.89121991640625 0.87927256953125 0.8750054945312501 0.859123375 0.8580832960937499 0.863014190625 0.8583528507812501 0.90117387578125 0.85002651171875 0.90336400625 0.8417001734375 0.8941654640625 0.83775611484375 0.93533992578125
1 0.87851133125 0.8604374671875 0.8732525757812499 0.77721248828125 0.847835371875 0.78071669375 0.8316209156250001 0.8034940882812499 0.8294297757812499 0.847734703125 0.7816629515625 0.84423048046875 0.77728067109375 0.80217998046875 0.6808705125000001 0.80787435 0.6808705125000001 0.8267094359374999 0.69755564453125 0.8367161445312499 0.699276075 0.93271177578125 0.83775611484375 0.93446385390625 0.8417001734375 0.8652557476562499 0.87851133125 0.8604374671875
1 0.8793877742187499 0.73998026875 0.8824553570312499 0.75750131328125 0.9087490367187501 0.768451965625 0.88727589140625 0.771080115625 0.8890287765625 0.7855349914062499 0.9490660656250001 0.7820307859375 0.9468749257812499 0.80086590546875 0.9486278109375 0.816634871875 0.96659518515625 0.8188250023437501 0.96659518515625 0.8459825914062501 0.9701009554687501 0.8604374671875 0.99946228515625 0.855619153125 0.99946228515625 0.6606975562499999 0.9145145187500001 0.69262477109375 0.9166371539062499 0.7145747570312501 0.89516400859375 0.71895501796875 0.89823159140625 0.73428593203125 0.8793877742187499 0.73998026875
1 0.0055583726562499994 0.12359983984375 0.040616612499999996 0.11221116640624999 0.06555083671875 0.2578125 0.06769700546875 0.2578125 0.35390625 0.22221561328125 0.35390625 0.0012923164062500002 0.00029965 0.0000871203125 0.0055583726562499994 0.12359983984375
1 0.1115242984375 0.35362885546875 0.136065059375 0.34399229453125 0.18295544140625 0.3580091171875 0.1825172203125 0.38327323828125 0.18164077812499999 0.4095548046875 0.1987316765625 0.41043082734374997 0.2245871015625 0.4113068828125 0.23159877578125002 0.44503489687500003 0.2587688984375 0.44897713906250003 0.25613953671875 0.41743923828125 0.27454509921875003 0.41743923828125 0.2894448578125 0.26325405078125 0.00175319296875 0.22473871328125 0 0.3654555640625 0.10977137968749999 0.37421608671875 0.1115242984375 0.35362885546875
1 0.19128287187499998 0.48661442109374997 0.1956651515625 0.47785389843750004 0.21626188750000003 0.4813581375 0.21626188750000003 0.4931848125 0.23992617265625 0.49493690703125 0.2394879515625 0.51771426875 0.19873276796875 0.51421009609375 0.1943504875 0.5768477937500001 0.2390497296875 0.562830971875 0.263590490625 0.56589714140625 0.25964643203125004 0.57334360546875 0.2377350328125 0.5698393828125 0.2394879515625 0.5943688390624999 0.20618263046875002 0.59612095 0.20749732734375 0.60663358359375 0.2320380890625 0.60531949140625 0.24211731250000001 0.61977436640625 0.25482593124999997 0.6022533218749999 0.25876998984375 0.65134244453125 0.2732315265625 0.64945165625 0.28155783203125 0.6599643226562499 0.25876998984375 0.66303047578125 0.2377350328125 0.718221759375 0.20180035 0.7147175875 0.203991490625 0.652955878125 0.17988895078125 0.6560220476562499 0.18164186953125 0.67310510625 0.15184235234375001 0.67441914765625 0.15008943359375 0.6919401921875 0.180327171875 0.69369230390625 0.18251831171875 0.7261062429687499 0.203991490625 0.7239161125 0.2066208515625 0.73486676484375 0.2394879515625 0.7409991375 0.23422922890625003 0.7642145015625 0.23379100703125003 0.80322904296875 0.28550189062500003 0.80979943515625 0.294704671875 0.7900882593749999 0.33940394765625 0.79972482109375 0.33589811015625004 0.8163698265624999 0.35649484609375 0.8211881070312501 0.51206575078125 0.7581123562500001 0.502863003125 0.74584761171875 0.488401465625 0.74978988671875 0.48358093125 0.73051669765625 0.4695576484375 0.733582884375 0.46868120625 0.71474779765625 0.4607930890625 0.7134336890624999 0.46517536875000004 0.68452395546875 0.47876046328125 0.682333825 0.47262523125 0.6442255664062501 0.45378148124999995 0.65736635 0.43931994375 0.64991990234375 0.43756699140625 0.6288946609375 0.41959968359375 0.62801858828125 0.4204761265625 0.647729771875 0.3823503046875 0.6433495109375 0.38454144453125 0.5942905828125 0.43625236093749997 0.58981285703125 0.42967894140625 0.5262990375000001 0.47569288046875 0.5171004953125 0.48401918593750004 0.5092160117187501 0.4770075109375 0.47461195078124996 0.307413290625 0.47855418359375 0.30697506953125 0.46541340859374997 0.33151583046875 0.46366129765624997 0.32888646875 0.44482619453125 0.170498984375 0.44279333984375 0.11678411250000001 0.44456390390625 0.1211663921875 0.48004402890625003 0.16937147187499998 0.4813581375 0.19128287187499998 0.48661442109374997
1 0.5575414921874999 0.0001333015625 0.359545275 0.00223952421875 0.5575414921874999 0.00176103125 0.5713834953125 0.10593534062500001 0.97035965546875 0.0033887609375 0.5575414921874999 0.0001333015625
1 0.54614216328125 0.23696711484375 0.551841796875 0.2719631671875 0.59255364375 0.312656259375 0.59255364375 0.32893349609375 0.55265602109375 0.3338166546875 0.55591298125 0.38427612578125003 0.49158825078125 0.3956701421875 0.48670284218750004 0.41276128984374993 0.471232328125 0.42659691640624997 0.49077402656249997 0.46403454843749997 0.58848245859375 0.4599652390625 0.6112811179687501 0.381834515625 0.68130554375 0.37939290546875004 0.6764200726562499 0.31591168828125 0.7163176328125 0.3142839890625 0.3564913796875 0.0032574890624999997 0.3564249328125 0.18487994453125 0.48995980234375003 0.18162448515625002 0.49158825078125 0.24103642421875 0.54614216328125 0.23696711484375
1 0.7033959882812499 0.18822341640625 0.7033959882812499 0.2525184828125 0.9999148625000001 0.00227650703125 0.80354715625 0.002662915625 0.7880766421875001 0.108464946875 0.3594601375 0.0000369828125 0.3594601375 0.16380757734375 0.506350675 0.16543527578125 0.49657985703124996 0.24682144374999998 0.5687062390625 0.2703125 0.56906316171875 0.2703125 0.5828888976562501 0.17601548828125 0.7033959882812499 0.18822341640625
1 0.32436108359375 0.26523341640625003 0.3419451390625 0.33302630546875 0.3205930859375 0.3644119046875 0.2873089984375 0.36755046406249997 0.23204491484375 0.363784178125 0.23267290625 0.40709633828124997 0.1874568328125 0.411490303125 0.16798875468750002 0.45103617656250006 0.18431682656249998 0.4585687015625 0.30740506875 0.46735667890625 0.4166773015625 0.47300609609375 0.4260973203125 0.42781080468750005 0.4260973203125 0.40144692109375 0.4568693453125 0.38889265703125 0.4694293703125 0.35562392734375 0.41228126328125 0.18928025234375 0.35199315000000003 0.18928025234375 0.3557611484375 0.130275353125 0.31578005234375 0.11792681796875 0.29358901171874996 0.18928025234375 0.31556905625 0.19304655078125 0.32436108359375 0.26523341640625003
0 0.2898706984375 0.2584654359375 0.3205930859375 0.262722559375 0.31745307968750003 0.19744050390625 0.298613040625 0.19430195546875 0.2898706984375 0.2584654359375
1 0.279636575 0.27384908046875 0.27109375 0.3342311671875 0.27109375 0.33627280000000004 0.3006704734375 0.36953125 0.30436335 0.36953125 0.3421875 0.3655214625 0.3421875 0.36422671875 0.322761846875 0.26535933359374997 0.279636575 0.27384908046875
1 0 0.96691579765625 0.011652565625 0.99921875 0.99609375 0.99921875 0.99609375 0.8591985171875001 0.8644087921875 0.9219268648437501 0 0.9669136484375 0 0.96691579765625
2 0.23100210703125001 0.7542672335937499 0.1734375359375 0.76958041875 0.17838547968750001 0.82578125 0.18515528750000002 0.82578125 0.2312499640625 0.8242060828125 0.23100210703125001 0.7542672335937499
2 0.278857384375 0.68300731875 0.2743407859375 0.6739782859375001 0.27453783359375 0.6521678578125 0.23956300000000003 0.65908036640625 0.23188476328125002 0.65050279453125 0.21156007500000001 0.65321149765625 0.210205115625 0.65772601484375 0.2341430625 0.6644977898437501 0.24888554218749998 0.7109375 0.2685486015625 0.7109375 0.27253414062500003 0.685264578125 0.278857384375 0.68300731875
2 0.19760689765625 0.91619028359375 0.13292238515625 0.9103602734375 0.13292238515625 0.924355259375 0.16657205625 0.9296875 0.1736092578125 0.9296875 0.20067136484375 0.9257096109375 0.19760689765625 0.91619028359375
2 0.36999961406250004 0.95221299921875 0.49313995468750005 0.94970109453125 0.6104165578125 0.9337923124999999 0.7075885351562501 0.92458198515625 0.9169536921875 0.9176198867187499 0.9262254992187501 0.9262565671875 0.9999422062500001 0.93211769921875 0.9957537585937499 0.915371625 0.79219516875 0.9019747796875001 0.7042377640625 0.9128597203125001 0.603715015625 0.9229073718749999 0.4906268609375 0.9363042171875 0.3582720109375 0.94216535 0.2309430953125 0.9463518679687499 0.12706963984375 0.95221299921875 0.12662029375 0.967284459375 0.149399903125 0.96953125 0.1664812265625 0.96953125 0.23680702421875002 0.95639951875 0.36999961406250004 0.95221299921875
1 0.39350485703125 0.80928809375 0.384290253125 0.8461293718749999 0.32397663046875 0.8360817539062501 0.31559970234375 0.80091505703125 0.11622962421875001 0.79337924765625 0.09140625 0.8669880421875 0.09140625 0.91171875 0.11589361484375 0.91171875 0.42617473203125 0.9047406289062501 0.459375 0.87736306328125 0.459375 0.8744631171874999 0.4521331828125 0.81209799609375 0.39350485703125 0.80928809375
1 0.7176969625 0.28043349140624996 0.7260738578125 0.35662814453124997 0.76628291875 0.35495359453124997 0.77549755546875 0.38509645 0.74198997265625 0.39598142265625 0.74115229609375 0.41858859609375 0.7168592859375 0.3917949046875 0.554347496875 0.4679895890625 0.55769826796875 0.51822777734375 0.57780283046875 0.5960969796875 0.6230380156249999 0.68440851953125 0.63057723515625 0.7530673945312499 0.70094317109375 0.762277721875 0.70680697265625 0.7974445140624999 0.8785333976562499 0.769640221875 0.8726695960937499 0.6013421976562501 0.8559158046875 0.51593721796875 0.8190573875 0.41294885703124995 0.8131935859375 0.33005579765625004 0.9421977281249999 0.34010344765625 0.9497370109375 0.43639336953125 0.8994756367187501 0.46402438437500004 0.92711941796875 0.60804068515625 0.8827218453125001 0.61976288515625 0.89109874140625 0.773826740625 1 0.76294183125 0.99827282109375 0.64638480625 0.997485290625 0.21596113515624998 0.98073149921875 0.21512381171875 0.92628167734375 0.26285012734375 0.7176969625 0.28043349140624996
1 0.57599218203125 0.78925663828125 0.58185598359375 0.69799052578125 0.54751072421875 0.67370870703125 0.5726414109375 0.5966768109375 0.62597002265625 0.53101944296875 0.556725296875 0.5263432742187499 0.478125 0.732782925 0.478125 0.73460140546875 0.49637764375 0.91953125 0.500704225 0.91953125 0.5902328796874999 0.91234028359375 0.58018063046875 0.8646139679687501 0.6128504718750001 0.84284405390625 0.6328125 0.8478322773437499 0.6328125 0.8396045765625001 0.6321173578125 0.79930425625 0.57599218203125 0.78925663828125
1 0.1102238421875 0.61450497734375 0.1724153609375 0.625 0.17480266015624998 0.625 0.1859375 0.5684047343749999 0.1859375 0.56487336796875 0.12195147734375 0.57347710078125 0.1102238421875 0.61450497734375
0 0.20633811406250002 0.6092748171875 0.20633811406250002 0.58952323359375 0.2388851453125 0.592427878125 0.2388851453125 0.56686699296875 0.19180819531249998 0.56919071796875 0.1952953671875 0.54749601875 0.19762016328125 0.5138021296875 0.22377399453125002 0.51322121015625 0.22667997812500001 0.49230776328125003 0.20750048984374997 0.48998404921875 0.16332954609375 0.48533663281250006 0.1150902203125 0.55388622890625 0.17611587890625 0.57421875546875 0.19238938359375 0.59455127109375 0.1915304765625 0.64850201484375 0.20285092031250002 0.6487780078125 0.20517571640624999 0.6290264015625 0.23597916171875002 0.6290264015625 0.23597916171875002 0.64935891640625 0.255158628125 0.6487780078125 0.25457743984375003 0.60520833203125 0.20633811406250002 0.6092748171875
0 0.188562340625 0.7389392671875 0.1943743078125 0.83188790859375 0.23671875 0.8398238140625001 0.23671875 0.8085009546874999 0.23542056640625 0.72695780078125 0.188562340625 0.7389392671875
0 0.1883210015625 0.65438695390625 0.18541501796874998 0.6154647062499999 0.1418355390625 0.6293952640625 0.14938081484375001 0.67297668671875 0.17902186250000002 0.6741385492187499 0.1883210015625 0.65438695390625