1 0.365404546875 0.2510392515625 0.5443911945312501 0.26801555546875 0.5548430117187501 0 0.0003266421875 0.0052267578125 0.0035116945312500003 0.1609342046875 0.365404546875 0.2510392515625
1 0.79000790390625 0.22168745390625003 1 0.21254635156249999 0.9990434515625 0.00230125078125 0.55876236875 0 0.55076942421875 0.2699946359375 0.79784681640625 0.268698765625 0.79000790390625 0.22168745390625003
1 0 0.38100364296875 0.08451302890625 0.36925078984375 0.07014175546875 0.23866375859375002 0.00359336484375 0.21936043359375001 0 0.38100364296875
1 0.15114308984375 0.60561329765625 0.425502246875 0.5586019867187499 0.36801745078125003 0.2491107109375 0.2256119640625 0.2504166109375 0.24651549921875 0.34443928359375 0.10486177031249999 0.36146287265625 0.15114308984375 0.60561329765625
1 0.4281151515625 0.5572961359375 0.6789577687499999 0.512896525 0.6397637031250001 0.31048662578125 0.39560009375 0.3516627046875 0.4281151515625 0.5572961359375
1 0.94809111640625 0.44890890937499994 0.9428653078125 0.217769853125 0.6406043 0.27652808125 0.69463559453125 0.50244967265625 0.94809111640625 0.44890890937499994
1 0 1 0.9102035031250001 0.9997450742187499 0.8827675078125001 0.5740313203125 0.0101268109375 0.761473071875 0 1
0 1 0.45519714140625 0 0.658912890625 0.0068600875000000006 0.7010387015624999 0.004818146875 0.75685316484375 0.8984451343750001 0.580560671875 0.9128164078125 0.99452157265625 1 0.9971333734375 1 0.45519714140625
0 0.22822496796874997 0.3180521 0.21777315078125 0.22402942734375003 0.0689278203125 0.2306306265625 0.09496474687499999 0.35200475859374997 0.22822496796874997 0.3180521
0 0 0.46430958593750005 0.10411011171875 0.4616977859375 0.0923518421875 0.379428015625 0.016660256249999998 0.382533234375 0 0.46430958593750005
0 0.5548430117187501 0.304993396875 0.5548430117187501 0.27495833984375 0.37926648046875 0.264931215625 0.39284044218749997 0.3350284046875 0.5548430117187501 0.304993396875