1 0.00390625 0.20078125 0 0.64453125 0.34609375 0.6546875 0.40625 0.6328125 0.003125 0.1984375 0.00390625 0.20078125
1 0.44069326015625 0.66613203203125 0.54530521953125 0.63151778046875 0.4330012046875 0.22460802890624998 0.2237772875 0 0.001476875 0.18153251640625 0.00224608046875 0.1915321890625 0.28608293906250004 0.49767601015625 0.44069326015625 0.66613203203125
1 0 0 0.00224608046875 0.17153284453125 0.21136121718749998 0.00224916171875 0 0
0 0.001476875 0.66228600390625 0 1 0.11839612265624999 0.99919804765625 0.39069489765625 0.7361297390625 0.37300316953125 0.6630552093750001 0 0.65228633125 0.001476875 0.66228600390625
1 0.23993060390625 0 0.23223854843749997 0.00615364453125 0.42992438203125005 0.2199927953125 0.542228396875 0.6215181078125 0.6699165234375 0.58690385703125 0.5306903132812499 0 0.23993060390625 0
1 0.8383725453125 0.4822918984375 0.75145231484375 0.0738437359375 0.60376484296875 0.10307354765625001 0.5999188156249999 0.11076560312499999 0.663762878125 0.48306110390625 0.8383725453125 0.4822918984375
1 0.45376975546875 0.9999672531250001 1 0.9961212250000001 0.9983673054687501 0.62997936953125 0.6753009624999999 0.6607475929687501 0.47376910078125 0.741514178125 0.4476161109375 0.9907367859375 0.45376975546875 0.9999672531250001
0 0.42146312109375 1 0.49992208984375 0.7607443179687501 0.4583849890625 0.7245916554687499 0.4599234 0.71766880546875 0.24146901562499998 0.9461228625 0.30146705078124997 1 0.42146312109375 1
1 0.86760235703125 0.52998264375 0.8414493671875001 0.47306143125 0.65607082265625 0.4822918984375 0.6599168507812501 0.48459951484374997 0.6806854015625 0.5861346515625 0.86760235703125 0.52998264375
1 1 0.0021230070312499997 0.779143715625 0.049813753125 0.86760235703125 0.34383489375 0.8737560015625 0.347680921875 0.8976013742187501 0.47383063671875 1 0.44306241328124996 1 0.0021230070312499997
1 1 0.01307649453125 0.9999057164062499 0.00230761640625 0.54684363046875 0.0015384109375 0.5429976023437499 0.00615364453125 0.58068867578125 0.11076560312499999 1 0.01307649453125