2 0.0297321484375 1 0.0231880296875 0.793814609375 0.0755407328125 0.7889087499999999 0.0902649703125 0.72186271015625 0.0902649703125 0.6678989414062501 0.1246214390625 0.57959421875 0.1180774453125 0.0023439671874999997 0 0.00040907499999999996 0 1 0.0297321484375 1
0 0.10975004531250002 0 0.0934238578125 0.0855643578125 0.08203125 0.64029393203125 0.08203125 0.64318253046875 0.147412684375 0.63337973359375 0.191474553125 0.73125 0.19163140234375 0.73125 0.20625 0.65332014609375 0.20625 0.6529174203125 0.15395667890625 0.5777806578125 0.165263184375 0.004321371875 0.1119841328125 0 0.10975004531250002 0
0 0.478125 0.6595737640625 0.478125 0.6640699140625 0.48940232890625 0.9796875 0.49689468359375005 0.9796875 0.64140625 0.9719216359375 0.64140625 0.9620199843749999 0.6364533117187501 0.65682647421875 0.478125 0.6595737640625
0 0.6203536015625 0.4585418609375 0.6056293648437501 0.41111901015625 0.6074760296874999 0.32353494843749997 0.56309277734375 0.31136757265625004 0.5467325421875 0.22960404765625003 0.46002324453125 0.2328746625 0.45838724609375003 0.31790861484375 0.4273027734375 0.31790861484375 0.4060344171875 0.25413312734375004 0.30623700625 0.26067416953125 0.34059360078125 0.365331465625 0.54182442109375 0.36042566875 0.5825104039062501 0.4921875 0.5911558125 0.4921875 0.740625 0.47986583125 0.740625 0.47697766015625 0.72669513203125 0.42747170859374994 0.6203536015625 0.4585418609375
0 0.9769896796875001 0.3719149953125 0.8656001132812501 0.31335052890625004 0.8035713343750001 0.49619548046875 0.9557215734375 0.48801913125 0.9769896796875001 0.3719149953125
0 0.75925986953125 0.84921875 0.8099769226562501 0.84921875 0.8125 0.62941219453125 0.8125 0.5506503484375 0.7625269234375 0.53735418359375 0.75925986953125 0.84921875
0 0.85922340078125 0.03355836796875 0.8687635218749999 0.02100701328125 0.86740351875 0.18400323984375 0.91461584296875 0.271875 0.9148535531249999 0.271875 0.9171875 0.07773826640625 0.9171875 0.0001442484375 0.86085952421875 0.0001442484375 0.85922340078125 0.03355836796875
1 0.19843393125 0 0.1967986515625 0.25404449296875 0.278599828125 0.24913869531250002 0.2802358265625 0.2916556875 0.3293165328125 0.3031025890625 0.3293165328125 0.222974340625 0.38166936171875 0.2213390640625 0.38330536015625 0.2851145828125 0.4732866546875 0.3031025890625 0.46347053828125 0.3946776765625 0.50600712578125 0.45027687734375005 0.52891148046875 0.42738307421875 0.6188927750000001 0.41757147968749997 0.6286547171875 0.4875 0.70071394453125 0.4875 0.72421875 0.031242630468749998 0.72421875 0.0145716171875 0.203121603125 0 0.19843393125 0
0 0.44229157812500003 0.10359911171875 0.45526501796875 0.15546875 0.45604309218749994 0.15546875 0.5191847593750001 0.11177546093749999 0.528125 0.02333898359375 0.528125 0.0164318609375 0.47664804765625 0.00057712265625 0.44229157812500003 0.10359911171875
1 0.46965580078125 0.37041369999999996 0.46965580078125 0.47670624140625 0.70790870234375 0.4828125 0.72472127734375 0.4828125 0.6849920429687499 0.370754871875 0.46965580078125 0.37041369999999996
1 0.99988943984375 0.31305973593749997 0.95408098046875 0.21003774609375 0.94071390546875 0.01065041328125 0.8657355593749999 0.000014492968750000001 0.86900755703125 0.49293942109375 0.8960806859374999 0.49453125 0.8968171765624999 0.49453125 0.8886400390625001 0.375199978125 0.99988943984375 0.31305973593749997
1 0.9966221617187501 1 0.999894159375 0.5223598359375 0.9099128640625 0.52563032578125 0.8267381023437499 0.5751577578125 0.8199315695312499 1 0.9966221617187501 1
1 0.20969473828125001 0.9965880984375 0.21951085468749998 0.64009921640625 0.15585707890625 0.6344734578125 0.06408861796875 0.8134377976562501 0.03791226640625 0.9998585882812501 0.20969473828125001 0.9965880984375
1 0.60254565234375 0.5091309625 0.60581765 0.7102691437499999 0.48802400546875 0.71681037265625 0.50929223671875 0.97354763046875 0.3555061234375 0.9784534890625001 0.35059800234375 0.52057798828125 0.27697681796875 0.5189426187499999 0.2360762296875 0.559824365625 0.2197343359375 0.99921875 0.2748132578125 0.99921875 0.7671875 0.99481152734375 0.7671875 0.9191771031249999 0.76394060546875 0.50751391640625 0.60254565234375 0.5091309625