2 0.5436623203125001 0.79820606171875 0.48845642656250005 0.8060512781250001 0.40945000234375 0.8330097796875 0.3914939296875 0.8995074734375 0.45423831328125 0.91171875 0.45668896328124997 0.91171875 0.526164065625 0.8653599820312501 0.5436623203125001 0.79820606171875
2 0.45752952421875 1 0.343055290625 0.8980505304687499 0.28694740625000004 1 0.45752952421875 1
2 0.686723040625 0.8898715203125 0.6244080750000001 0.94270538125 0.6793608703125 0.97109375 0.68092793984375 0.97109375 0.717779425 0.95528590546875 0.686723040625 0.8898715203125
2 0.10040330156249999 0.77931143671875 0.048330904687499995 0.817053340625 0.0751741484375 0.89765625 0.07789763203125 0.89765625 0.1273373296875 0.89253714609375 0.1875 0.82169322578125 0.1875 0.81903026484375 0.162902746875 0.77421875 0.16280371953125 0.77421875 0.10040330156249999 0.80806722734375 0.10040330156249999 0.77931143671875
0 0.19178040078125 0.7792536359375 0.15766407578125 0.92303225859375 0.0373587 0.834967928125 0.060701578125 0.7271338375 0.16305088125 0.78105092421875 0.16305088125 0.7576868343750001 0.00898049140625 0.64480028046875 0.0050378671875000005 0.98593553984375 0.2959253609375 1 0.3533845640625 0.8870876437499999 0.19178040078125 0.7792536359375
0 0.55754527265625 0.9990244875000001 0.35519794765625 0.8701926 0.19227609296874998 0.7708419570312499 0.4651686 1 0.55754527265625 0.9990244875000001
0 0.28041533125 0.7822029046875 0.28973771953125 0.7533619609375 0.335502296875 0.7660858953125 0.34482468515625003 0.72706584296875 0.30668753671875 0.7084040859375 0.2685503890625 0.71603844609375 0.25414304765625 0.760996321875 0.18549618203125 0.7151901578125 0.18549618203125 0.684652715625 0.13888408593749998 0.66005313515625 0.1346466515625 0.6812596796875 0.11176436249999999 0.66174963359375 0.146511515625 0.62018479453125 0.0922720296875 0.5904956015625 0.062609790625 0.635453515625 0.0007428749999999999 0.59897823125 0.0007428749999999999 0.6159434703125 0.45415117578124997 0.9179248578125 0.46601611796875 0.9018078875000001 0.345672203125 0.8186781703125 0.28041533125 0.7822029046875
0 0.7804696210937501 0.85040703359375 0.699110371875 0.8096904437499999 0.6330059828125 0.77406342734375 0.5923263578125 0.82495916484375 0.72029770234375 0.93862632421875 0.6660581773437501 0.9767981273437499 0.615208646875 0.9547432945312501 0.52452701015625 0.9055440953125 0.46455483593749997 0.9210562695312501 0.60927617578125 0.998004671875 0.72114514296875 1 0.7558923734375 0.9182680296875001 0.7804696210937501 0.85040703359375
0 0.55588416875 0.73648172265625 0.5728340640625 0.69915816875 0.59910626953125 0.70933731640625 0.605038740625 0.684737696875 0.6211411179687499 0.64911068125 0.66012570625 0.6643794023437499 0.6719906484375 0.6414763203125 0.63554845859375 0.6202697757812501 0.63978589375 0.59567015703125 0.6711431304687501 0.58803579609375 0.6965678953125 0.5184783015625001 0.66860065390625 0.50066479296875 0.6372434171875 0.49048564609375 0.625378553125 0.5227196257812501 0.58893636328125 0.5049060984375 0.584698928125 0.51932655078125 0.61181865234375 0.5566501046875 0.5821564515625 0.5795531859375 0.54910425703125 0.537988346875 0.5118146273437499 0.561739678125 0.48723730234374996 0.6558967921875001 0.45757510234375004 0.6431728578125 0.43723528984375 0.69322034609375 0.45588014374999997 0.7017029554687501 0.38953092421875 0.76973685390625 0.5626641578125 0.84845234453125 0.59402131640625 0.789922246875 0.55588416875 0.73648172265625
0 0.771393759375 0.6345784328125 0.77205541953125 0.69103989921875 0.8632402203125 0.72109146796875 0.869912284375 0.66766645625 0.771393759375 0.6345784328125
0 0.80430359140625 0.7856466734375 0.731350246875 0.7330187328125 0.7220148414062499 0.80679405703125 0.80430359140625 0.8312805546875 0.8054157375000001 0.8045680484375 0.80430359140625 0.7856466734375
0 0.85879224609375 0.9937815976562501 0.9110566085937499 0.9982337156250001 0.9121687546875 0.97263426484375 0.8932645062500001 0.968182146875 0.89882462734375 0.9247743249999999 0.9299608562499999 0.9481477671875 0.9433049835937499 0.8947227554687499 0.85148078359375 0.82311663515625 0.8276558140624999 0.83684562578125 0.79207161015625 0.87802743984375 0.8676881953125 0.9325655062499999 0.85879224609375 0.9937815976562501
0 0.14892351484375 0.5011292515625 0.13075277578125 0.5211512109374999 0.169983015625 0.54754304375 0.19892338515625002 0.5192201 0.14892351484375 0.5011292515625
0 0.0010114406249999998 0.45142444218750005 0.02136621640625 0.41603928515625005 0.042435184375000004 0.4138947296875 0.04386360078125 0.408175921875 0.0299366484375 0.39959770234374997 0.04518587578125 0.357022021875 0.013509976562500001 0.3427669953125 0 0.36206798984375 0.0010114406249999998 0.45142444218750005
0 0.10001749374999999 0.48451003203125 0.03208466015625 0.39115826875000004 0.0015625 0.41401853125 0.0015625 0.41421535703125 0.035739253906250004 0.45269914375000003 0.031811149999999996 0.480220921875 0.05966505390625 0.47092786093749994 0.0728778140625 0.51489123828125 0.0582366375 0.52954568671875 0.06942164453125 0.5484375 0.07091953203125 0.5484375 0.115625 0.5338690046875 0.115625 0.51786471796875 0.11537286171875001 0.47950608125 0.10001749374999999 0.48451003203125
0 0.17265625 0.3775215953125 0.17265625 0.3775891515625 0.18652321015625 0.428125 0.18702489921875 0.428125 0.21796875 0.41827026484375 0.21796875 0.418225003125 0.20037768749999998 0.38335642734375003 0.17265625 0.3775215953125
0 0.28706200703125 0.38280438125 0.275634775 0.35778457890625004 0.2659930390625 0.363145965625 0.25550168046875 0.34952650703125 0.23813913515625 0.36493310078125 0.253494503125 0.38566379296875 0.256351303125 0.42784003593750003 0.28828125 0.4153343515625 0.28828125 0.4125961765625 0.27920579921875 0.38923804609375 0.28706200703125 0.38280438125
0 0.0609344828125 0.175 0.0617250640625 0.175 0.07889105703125 0.15910700859375 0.0667766234375 0.140625 0.06640136015625 0.140625 0.04142144296875 0.1489589703125 0.0609344828125 0.175
0 0.25100218124999996 0.25653420390625004 0.2805370328125 0.25344567265625 0.25232463828124996 0.21814809453125 0.24835726640625003 0.19961686875 0.21650234453125 0.18078607421874998 0.20471617812499998 0.19961686875 0.24130414765625 0.22476638906250002 0.22587549375 0.23800297890625002 0.25100218124999996 0.25653420390625004
0 0.4343829046875 0.21550077656250002 0.44760747656250005 0.18196808984374999 0.377225575 0.1510225125 0.3329945296875 0.21461833046874998 0.37222741406250004 0.23314955546875 0.38324790468750003 0.18726272578125 0.4343829046875 0.21550077656250002
0 0.03825514375 0.00044569921874999997 0.039136789062499996 0.013241066406249998 0.06195426171875 0.01484375 0.0640625 0.01484375 0.0640625 0.0012785875 0.03825514375 0.00044569921874999997
0 0.07958996406249999 0.11067635234374999 0.07379289140625 0.12201975078125 0.08305009218750001 0.15246390625 0.10861759140625 0.12996170468749998 0.07958996406249999 0.11067635234374999
0 0.166896409375 0.12456601406250001 0.1549035953125 0.14319829374999998 0.1641607953125 0.14761050390625 0.1782670328125 0.13702123203125 0.166896409375 0.12456601406250001
0 0.26009088046875 0.0718600765625 0.29667885 0.026855671874999997 0.27916533125 0.0010212484375 0.24510301796874998 0.000139365625 0.22306207734375 0.000139365625 0.23981318906250002 0.02244348203125 0.1869149 0.06038837890625 0.20507841718750003 0.08203125 0.20597171093750002 0.08203125 0.24378056093749997 0.05288763828125 0.26009088046875 0.0718600765625
0 0.36925415625 0.052438778906250004 0.36528678515625 0.07229366328125 0.33266618671875003 0.08950122968749999 0.35326139296875 0.1140625 0.35362947421875 0.1140625 0.37890625 0.09888265390624999 0.37890625 0.0839982734375 0.37683092265624996 0.051942361718749996 0.36925415625 0.052438778906250004
0 0.38203549765625 0.02331816796875 0.40379846328125 0.03203125 0.42651787265624996 0.03203125 0.41582501718750003 0.00255651171875 0.38203549765625 0.02331816796875
0 0.427492921875 0.11332200234375 0.41719096015624996 0.15246390625 0.45510138749999995 0.162611965625 0.473174996875 0.12025487890625 0.427492921875 0.11332200234375
0 0.5121537179687501 0.00286611953125 0.49878218828125 0.008882356249999999 0.46219421796875004 0.02785481484375 0.49349235937499997 0.04594480703125 0.5121537179687501 0.00286611953125
0 0.5889629937499999 0.12088376484375 0.57265267421875 0.10897083437499999 0.5647179312499999 0.13191424921875 0.55193419140625 0.12308986953125 0.5536974406249999 0.10411741171875 0.51281513046875 0.086865503125 0.5382687859375 0.13191424921875 0.567803678125 0.149121815625 0.5889629937499999 0.12088376484375
0 0.6179167171875 0.1746320109375 0.5830044015625 0.19806934062499998 0.60548617421875 0.2245425203125 0.62047399609375 0.2249837328125 0.6317002765625 0.24140625 0.6325405749999999 0.24140625 0.6482455984375 0.2324844734375 0.6179167171875 0.1746320109375
0 0.62710282578125 0.3369963171875 0.6293069484375 0.352880225 0.58698831640625 0.3767060859375 0.5702371648437501 0.35464511718749997 0.56142079609375 0.37405876796875004 0.529240990625 0.34140852734375 0.52262870390625 0.3427321859375 0.5138123359375 0.37229389609374997 0.53629410859375 0.3952373109375 0.54511047734375 0.400531946875 0.5481962242187499 0.39082512109375 0.56538816796875 0.39391365234375 0.5640657109375 0.41465100234375 0.57332291171875 0.41597466171875 0.5839025695312501 0.3974434359375 0.64164985546875 0.40538538984374994 0.64429476953125 0.39126633437499997 0.6575193421875001 0.39214878046875 0.653992803125 0.409797559375 0.668099 0.42877001796875 0.69102160546875 0.3639107296875 0.72055649765625 0.3550863296875 0.7302544906249999 0.33126046875 0.69587060234375 0.320671196875 0.6905807734375 0.29728654921875003 0.66633575078125 0.29772778203125 0.66942145703125 0.3136116890625 0.6464988921875 0.31008192578125 0.65267034609375 0.27831411093749997 0.6253395765625 0.2664011796875 0.61255579609375 0.27831411093749997 0.5993312234375 0.27346068749999997 0.60109451328125 0.26463630781249997 0.56891470703125 0.25272337734375 0.56538816796875 0.26463630781249997 0.5825801125 0.26904849765625 0.5746453687499999 0.284049959375 0.59086180234375 0.29256478124999996 0.6143190859375001 0.30478728984375 0.6024169710937499 0.3281719375 0.62710282578125 0.3369963171875
0 0.76635179453125 0.136378565625 0.7501452890625 0.11958788671875001 0.72271070546875 0.14917393203125 0.7384607562500001 0.1640625 0.7386759031250001 0.1640625 0.750923140625 0.14961515546874998 0.76635179453125 0.136378565625
0 0.596875 0.10075311796875 0.596875 0.101051959375 0.6240745953125 0.14296875 0.6254425328125001 0.14296875 0.65390625 0.12255831328125 0.65390625 0.12234313828125001 0.61494344140625 0.08936301171875 0.596875 0.10075311796875
0 0.796432875 0.30457209375 0.83302088515625 0.283834784375 0.77804153046875 0.2555256828125 0.7338365921875 0.323985765625 0.7492652468750001 0.33060406015625 0.781445053125 0.29927745859375 0.796432875 0.30457209375
0 0.78068504765625 0.3898764234375 0.75480085546875 0.4093711328125 0.77536283828125 0.44921875 0.77623310390625 0.44921875 0.8076991445312499 0.43584431171875 0.78068504765625 0.3898764234375
0 0.95635121171875 0.5281533765625 0.9496062921874999 0.511650821875 0.9136333109375 0.49439812656250004 0.999818503125 0.4763953265625 0.9871782796874999 0.44246543828125 0.95635121171875 0.46589371640625005 0.94061306328125 0.42538741640625 0.9031413039062499 0.45239161640625003 0.90174399609375 0.5266531671875 0.9342971484374999 0.55859375 0.9356946390624999 0.55859375 0.9705905125 0.5484065273437501 0.95635121171875 0.5281533765625
0 0.9719134851562499 0.5637323125 0.9274063281249999 0.6118804109375 0.9956049960937501 0.63813447109375 1 0.5833759656249999 0.9719134851562499 0.5637323125
1 0.22143793750000001 0.1965610625 0.3256094828125 0.25882075703125 0.3900609609375 0.10879741171874999 0.47549662578124996 0.1500538171875 0.5571851359375 0.0495381890625 0.9993522203125 0.36833776796875 1 0.30532796796875 0.5864131265625 0.0015307171875 0.43727540703125 0.0000304890625 0.4455191765625 0.05178853906250001 0.38931150234375 0.0465377171875 0.3668284328125 0.0000304890625 0.28663883984375 0.006031417187500001 0.30612414453125003 0.08179321171875001 0.195207678125 0.0847936671875 0.18921218125 0.0037810671875 0.11052143750000001 0 0.11052143750000001 0.0330356171875 0.04681941796875 0.0352859671875 0.0385756140625 0.0045311890625 0.0026237484375 0.00374821875 0 0.34583426796875 0.109022571875 0.423846446875 0.22143793750000001 0.1965610625
1 0.16822799453124998 0.61987361328125 0.16972687734375 0.6753822234375 0.25291423515625 0.75256627890625 0.26040858046875004 0.73681382890625 0.28963657109374996 0.70380871796875 0.3518397421875 0.7345634789062501 0.30312641328125 0.7998236289062499 0.3458442453125 0.82907817890625 0.368327315625 0.76156767890625 0.43352825234375 0.75556676796875 0.48074269843749995 0.63404783359375 0.52420992109375 0.52678113828125 0.584914209375 0.5672874382812501 0.60290066484375 0.556785828125 0.58116705390625 0.5185298781250001 0.63212865546875 0.5147792828125 0.65461172578125 0.42176482734375 0.21289889999999997 0.20952550625000002 0.01159593046875 0.60487130234375 0.0355778828125 0.6191234734375 0.09028667421875 0.55986426796875 0.16822799453124998 0.61987361328125
1 0.62015648515625 0.7202219109375 0.57385250234375 0.70204163671875 0.56020158671875 0.74122520078125 0.6066666429687501 0.77573055625 0.62015648515625 0.7202219109375
1 0.5751903453125 0.9032504007812501 0.60516772578125 0.852242490625 0.5783503664062499 0.84147542734375 0.54071628203125 0.9002499117187501 0.617908178125 0.9512578906250001 0.61865756796875 0.935505440625 0.5751903453125 0.9032504007812501
1 0.87348259296875 0.93089978125 0.7762563921875001 0.8909519335937499 0.7573200890625 0.9098965265625001 0.84875121640625 0.9519030367187501 0.87348259296875 0.93089978125
1 0.7390625 0.9693964296875001 0.7390625 0.9694242375 0.76857338125 0.99453125 0.76974809921875 0.99453125 0.8484375 0.95366473125 0.8484375 0.9536198921875 0.831776421875 0.9271852382812501 0.7390625 0.9693964296875001
1 0.7234375 0.99173519921875 0.7234375 0.9917592781250001 0.77527852890625 0.996875 0.77649672734375 0.996875 0.75861849921875 0.9752525335937501 0.7234375 0.99173519921875
1 0.94829969765625 0.8909519335937499 0.9671620273437499 0.85288763671875 0.87947805546875 0.8093808812500001 0.898963428125 0.8671398765625 0.94829969765625 0.8909519335937499
1 0.9317797234375 0.9361160710937501 0.9033011914062501 0.944367365625 0.9143106281250001 0.96640625 0.91674192109375 0.96640625 0.93341755859375 0.9628832453125 0.9317797234375 0.9361160710937501
1 0.9978889351562501 0.730675346875 0.9724081 0.7141727921875 0.9604171062500001 0.7471779023437499 0.9246859109375001 0.729028821875 0.91020496328125 0.7974357421875 0.9776541726562501 0.83944225234375 0.9978889351562501 0.730675346875
1 0.76256609296875 0.6943903859375 0.79853900390625 0.569120925 0.834511915625 0.4543530578125 0.75057516796875 0.44085095703125 0.6606428890625 0.596125125 0.69436749375 0.636631425 0.6224216703125001 0.7619008859374999 0.66588889296875 0.7821540359375 0.715535225 0.8111148437500001 0.7280920984375 0.74014752578125 0.8150266117187501 0.7934057859375 0.840507446875 0.7506491359374999 0.76256609296875 0.6943903859375
1 0.87183600625 0.8234839703124999 0.92219588828125 0.6658519453125 0.8719837445312499 0.64634890078125 0.8060333835937501 0.81362490625 0.87183600625 0.8234839703124999
1 0.9162004257812499 0.6230952953125 0.9731575585937501 0.5668365453125 0.9214464984375 0.5420826953125 0.89521620390625 0.5900901507812499 0.89671512109375 0.5600854953125001 0.84875121640625 0.5270803500000001 0.8240198398437499 0.5533344453125 0.8217715328124999 0.5293307 0.80903114921875 0.50907755 0.8360108328125 0.45056845 0.79479184921875 0.44456750546875 0.7850491625 0.4573195 0.7520740164062499 0.44756797734375003 0.691369728125 0.61559410546875 0.764065009375 0.6546001953125 0.79179408359375 0.61559410546875 0.86373990625 0.66060110625 0.9977762039062499 0.7189086273437499 1 0.65309995078125 0.9686609445312501 0.61484400078125 0.94992503046875 0.63809760625 0.9162004257812499 0.6230952953125
1 0.82106281875 0.00203785546875 0.59221843125 0.0030125765625 0.6424057296875 0.11796875 0.6443777140625 0.11796875 0.8111277031249999 0.0048566046875 0.82106281875 0.00203785546875
1 0.8583486265625 0.11953125 0.85953874296875 0.11953125 0.89935357265625 0.105298746875 0.9139606648437499 0.03901973984375 0.996875 0.04577469453125 0.996875 0.0048005687499999995 0.82729194609375 0.00490553828125 0.8583486265625 0.11953125
1 0.86130195 0.11511581093750001 0.8944113 0.07320411015625 0.8041004882812499 0.06623722890625 0.7609998859375 0.11609048671875 0.8223496742187499 0.147280615625 0.86130195 0.11511581093750001
1 0.8846668140625 0.20759920078125 0.84668837421875 0.13547204765625 0.84296875 0.28439105390625 0.84296875 0.290625 0.8438377656249999 0.290625 0.99453125 0.17556849218749998 0.99453125 0.17526788437500002 0.97496138046875 0.15671410624999998 0.8846668140625 0.20759920078125
0 0.82046838828125 0.165625 0.82166493359375 0.165625 0.8506438656249999 0.16001108359375 0.8973865609375 0.16001108359375 0.92109375 0.1486212640625 0.92109375 0.14798903984375 0.8240662593750001 0.09844126640625 0.82046838828125 0.165625