0 0.39369232421875 0.5108583796875 0.49088762812500003 0.44658171640625 0.5047726031249999 0.36840746015625003 0.40451387578125003 0.30555555234375 0.30517526953125 0.4031516 0.39369232421875 0.5108583796875
0 0.636680425 0.33887501640625 0.690484803125 0.32150290625 0.6154513757812501 0.25347221875 0.6037034296875 0.30934249296875 0.636680425 0.33887501640625
0 1 0.83397863828125 0.9976910531250001 0.4083632171875 0.76909720859375 0.30034721875 0.6505654 0.7332206554687499 1 0.83397863828125
0 0.51692205625 0.8687226992187499 0.51345069296875 0.82529266328125 0.44878470859375 0.7951388859375 0.44923254296875 0.8635110820312499 0.51692205625 0.8687226992187499
0 0.251370890625 0.18947529999999999 0.2565777765625 0.16689165234375 0.21440970859375003 0.12847221874999998 0.195830671875 0.17210326953125 0.251370890625 0.18947529999999999
0 0.29996838359375 0.1807892453125 0.39369232421875 0.24332864999999998 0.4041060953125 0.21379620625 0.35724412499999997 0.15820559765625 0.35724412499999997 0.11824984062499999 0.29996838359375 0.10608942734375 0.29996838359375 0.1807892453125
1 0.04483098984375 1 0.1524400640625 0.8930436851562501 0.28087652265625 0.79402296015625 0.3884854390625 0.78012520859375 0.6956916890625 0.82008104609375 0.8275995101562501 0.8617739828125 0.8275995101562501 0.7922857015625 0.63320906171875 0.7280090382812501 0.64882971875 0.60987910390625 0.39716368750000003 0.5872953773437499 0.00347220859375 0 0.008382790625 1 0.04483098984375 1
1 0.1784744921875 0.24854026718750002 0.19756635312499998 0.12346145703125 0.28781908984375 0.1599427765625 0.28781908984375 0.08524295859375 0.35724412499999997 0.11130104375000001 0.4041060953125 0.00185708515625 0.01388887578125 0 0.1784744921875 0.24854026718750002
1 0.28261220390625 0.410100396875 0.40237057265625 0.302393696875 0.39716368750000003 0.24680308828125003 0.27914084140625 0.18773812109375002 0.19756635312499998 0.16689165234375 0.19357637578125 0.25868055234375 0.28261220390625 0.410100396875
1 0.56204834453125 0.6081418453125 0.6037034296875 0.31455411015625 0.62105976796875 0.24680308828125003 0.9976910531250001 0.389253928125 0.9890129632812499 0.00185708515625 0.40063489140625 0.00533148359375 0.35897980703125 0.11651266093749998 0.36765789609375 0.15820559765625 0.41278434375 0.18773812109375002 0.4162555484375 0.30413087578125003 0.51345069296875 0.356247046875 0.5047726031249999 0.46047938828125 0.3884854390625 0.5073839421875 0.56204834453125 0.6081418453125
0 0.44576118046874996 0.59076981484375 0.48394506093749995 0.602930228125 0.49435883203125003 0.5647117296874999 0.4383680421875 0.55555555234375 0.44576118046874996 0.59076981484375
1 0.5672552304687499 0.5872953773437499 0.64882971875 0.60640466640625 0.624530971875 0.7262718593749999 0.65577228515625 0.7210602421875 0.7737949726562501 0.30065643828125 0.6974273703125 0.281547228125 0.6974273703125 0.3267145234375 0.6076388757812501 0.32118055234375 0.5672552304687499 0.5872953773437499
1 0.45096806562499997 1 0.44749686171874997 0.8027089359374999 0.35377292109375 0.807920553125 0.22186509999999998 0.8565623656250001 0.0868055421875 0.98524305234375 0.45096806562499997 1
1 0.44749686171874997 0.8721972164062499 0.44923254296875 0.9972760265625 1 1 0.9942198492187501 0.9069412773437501 0.52690970859375 0.8107638859374999 0.5256001453125 0.8843575507812499 0.44749686171874997 0.8721972164062499
1 0.8275995101562501 0.79749731875 0.8275995101562501 0.8635110820312499 0.9942198492187501 0.8843575507812499 0.9930555421875 0.83680555234375 0.8275995101562501 0.79749731875