1 0.5548430117187501 0 0.0003266421875 0.0052267578125 0.0035116945312500003 0.1609342046875 0.365404546875 0.2510392515625 0.5443911945312501 0.26801555546875 0.5548430117187501 0
1 0.9990434515625 0.00230125078125 0.55876236875 0 0.55076942421875 0.2699946359375 0.79784681640625 0.268698765625 0.79000790390625 0.22168745390625003 1 0.21254635156249999 0.9990434515625 0.00230125078125
1 0 0.36905180078125 0.08209759375 0.38046875 0.084375 0.38046875 0.084375 0.377690540625 0.08085065 0.219151846875 0.01430225859375 0.238455171875 0 0.3684150953125 0 0.36905180078125
1 0.3783231796875 0.60546875 0.3793041546875 0.60546875 0.425 0.36440690859374997 0.425 0.36141447421875 0.283900884375 0.34445753749999997 0.30480441953125 0.25043486484375 0.17218980390625 0.24921875 0.16238225625 0.24921875 0.10491413671875001 0.558620240625 0.3783231796875 0.60546875
1 0.6397637031250001 0.31048662578125 0.39560009375 0.3516627046875 0.4281151515625 0.5572961359375 0.6789577687499999 0.512896525 0.6397637031250001 0.31048662578125
1 0.6407878421875 0.44886242187500003 0.89026366171875 0.5015625 0.8944444218750001 0.5015625 0.94765625 0.2790673515625 0.94765625 0.276361378125 0.64601365 0.217723365625 0.6407878421875 0.44886242187500003
1 0.8827675078125001 0.5740313203125 0.0101268109375 0.761473071875 0 1 0.9102035031250001 0.9997450742187499 0.8827675078125001 0.5740313203125
0 1 0.45519714140625 0 0.658912890625 0.0068600875000000006 0.7010387015624999 0.004818146875 0.75685316484375 0.8984451343750001 0.580560671875 0.9128164078125 0.99452157265625 1 0.9971333734375 1 0.45519714140625
0 0.0689278203125 0.2306306265625 0.09496474687499999 0.35200475859374997 0.22822496796874997 0.3180521 0.21777315078125 0.22402942734375003 0.0689278203125 0.2306306265625
0 0 0.46169414375000006 0.06326433828125 0.46328125 0.10379994140625 0.46328125 0.08734792421875 0.38252703515625003 0.011656338281250001 0.37942181640625 0 0.46097840390625 0 0.46169414375000006
0 0.37900860937499997 0.27493815 0.37900860937499997 0.30497320703124997 0.53759575 0.334375 0.54113379765625 0.334375 0.554585140625 0.26491102578125003 0.37900860937499997 0.27493815