2 0.93520842578125 0.8895691671874999 0.9282660179687501 0.8426646140624999 0.80034720859375 0.78472221875 0.78768010703125 0.8444018726562501 0.9004959085937501 0.9243133875 0.93520842578125 0.8895691671874999
2 0.70057279921875 1 0.87578125 0.9973302921875 0.87578125 0.9962699390624999 0.81524109921875 0.9071614531250001 0.6977793906249999 1 0.70057279921875 1
0 0.75990999765625 0.8947807843750001 0.91438088359375 1 0.9461805421875 0.99305555234375 0.5672552304687499 0.74190671015625 0.5325427125 0.9972760265625 0.67486414609375 0.99901312578125 0.75990999765625 0.8947807843750001
2 0.56031266328125 0.7888113437500001 0.45659720859375 0.77430555234375 0.43361188671875006 0.82529266328125 0.51518637421875 0.9034669187500001 0.5672552304687499 0.8548251070312499 0.56031266328125 0.7888113437500001
0 0.37459417421875 0.6130727125 0.36418040234375 0.569642596875 0.2046875 0.6616079273437501 0.2046875 0.662014109375 0.24095082968749998 0.7207794921875 0.2046875 0.7760881390625001 0.2046875 0.77648047421875 0.30343345703125 0.835435146875 0.39849220859375 0.91328125 0.39902041953125 0.91328125 0.43515625 0.82027610703125 0.43515625 0.8196022062500001 0.2978361640625 0.67246230234375 0.37459417421875 0.6130727125
0 0.51022432734375 0.771682434375 0.47021929921875005 0.7883229890625 0.45411338984375 0.75816196328125 0.47229749765625 0.741001375 0.49204021875 0.75660191015625 0.51230250234375 0.74048136484375 0.51074386484375 0.725400840625 0.481129759375 0.7321610640625 0.46086747578125 0.70824025234375 0.45359385156250004 0.68379940625 0.43852701796875 0.6661188078125 0.38709196874999996 0.68275937421875 0.36994696015625 0.6307575882812501 0.3164337828125 0.66842399296875 0.340852415625 0.70690530859375 0.36215377421875 0.74590665703125 0.340852415625 0.7745076296875 0.3164337828125 0.778147746875 0.30967967265624996 0.8155890296875 0.25876420859375 0.88163131015625 0.20836825781249999 0.89047159765625 0.2182396421875 0.9372732015624999 0.2759092171875 0.9991553546875 0.32682468125 0.97523451875 0.34050053671875 0.99921875 0.3510123140625 0.99921875 0.3777401453125 0.9975953007812499 0.38085742031250003 0.97991467890625 0.39384607890625 0.9726344453125 0.40916927109375 0.99921875 0.41695947265625 0.99921875 0.42657745859374996 0.99863532109375 0.39644379140625 0.9461135359374999 0.39384607890625 0.91543245234375 0.37358379609375 0.9008719617187501 0.38553333125 0.891511640625 0.41254972421874997 0.8805912664062501 0.41999207343749995 0.8404347156249999 0.4572306640625 0.8304444328124999 0.46658248671875 0.8762060179687501 0.4977552296875 0.9011668734375 0.507107053125 0.89284657265625 0.54763161875 0.86320555625 0.55078125 0.80764296484375 0.55078125 0.78914211953125 0.5341234218750001 0.7768826046874999 0.51022432734375 0.771682434375
1 0.28397008125 0.85816803125 0.2609375 0.923230178125 0.2609375 0.9245371726562499 0.33938533515625 0.9984375 0.34030998437500004 0.9984375 0.37265625 0.9058418343750001 0.37265625 0.90439971015625 0.31722102265625 0.8326871656250001 0.28397008125 0.85816803125
1 0.24095966953125 0.990625 0.24177405 0.990625 0.26171875 0.9228031039062501 0.26171875 0.9202658984375001 0.20153418984375 0.93630166328125 0.24095966953125 0.990625
1 0.18725830703125 0.776857990625 0.1940124171875 0.74149679375 0.21531377578125 0.75241716875 0.224146084375 0.776857990625 0.2542797046875 0.7690577226562499 0.28389381015625 0.79505864609375 0.3062342921875 0.7518971343749999 0.2880502078125 0.74877702734375 0.26207288984375 0.7518971343749999 0.2485647171875 0.73577658984375 0.24960379296875002 0.72017605546875 0.27194427421875 0.68585487890625 0.3031170171875 0.7004153695312499 0.31558611484375 0.68481483515625 0.32441837578125 0.6640141296875 0.3748143265625 0.69001502890625 0.38468571093750004 0.66297408671875 0.362864790625 0.6577739164062499 0.37585340234375 0.63749322109375 0.36182566796875004 0.63125300703125 0.344680659375 0.64893360546875 0.26778792500000004 0.61409241875 0.27765926171875 0.5792512320312501 0.23038063281249999 0.559490546875 0.20804015156250003 0.5428499687499999 0.20752058984375 0.5334896476562501 0.17946512109374999 0.51892915625 0.147772840625 0.59221923203125 0.07919280625 0.57453862265625 0.06828234609375 0.58337892109375 0.0833491796875 0.59845944609375 0.06620417109375 0.63746078359375 0.1264714578125 0.6556614148437501 0.11660009765624998 0.6780221734375 0.106209175 0.7107832968750001 0.0875055296875 0.76538516875 0.1114046484375 0.77162538203125 0.1404991921875 0.7768255523437501 0.15089011484374998 0.81946703046875 0.13270600703125 0.83350751171875 0.15296828984375 0.86470858125 0.20449807890625 0.87178026328125 0.201805603125 0.83510000234375 0.21219650156249997 0.7862183109374999 0.18725830703125 0.776857990625
0 0.1382967015625 0.72279418046875 0.102448046875 0.7326745109374999 0.09375 0.7562317632812501 0.09375 0.756644825 0.12233985234375 0.7671875 0.1233851890625 0.7671875 0.132581690625 0.74775503671875 0.15907852265625 0.7472350023437501 0.1953125 0.73894543671875 0.1953125 0.7380816953125 0.1928490015625 0.72279418046875 0.15492217265625 0.73371455546875 0.1523244359375 0.6759925765625 0.1377771640625 0.6546718375 0.1559612484375 0.64739158046875 0.14477148671875 0.5984375 0.14236607968749998 0.5984375 0.09881123515625 0.60319007265625 0.1382967015625 0.72279418046875
0 0.03812390703125 0.5901041124999999 0.11448683515625 0.5717603578125 0.11570865078125 0.59071556171875 0.10165786406249999 0.5962186875000001 0.11486517578125 0.63046875 0.11653557031249999 0.63046875 0.17890625 0.6043087328125 0.17890625 0.380320625 0.00146970625 0.4953280390625 0.03812390703125 0.5901041124999999
0 0.7968377234374999 0.63358070625 0.8200174070312499 0.84921875 0.821196615625 0.84921875 0.99921875 0.76755115078125 0.99921875 0.76562476640625 0.8735134109375 0.5274471859375 0.7968377234374999 0.63358070625
0 0.025460027343750004 0.16796875 0.026657040625 0.16796875 0.09795231015625 0.156077140625 0.1046875 0.0496605734375 0.1046875 0.0378177765625 0.00001584765625 0.07209167109375 0.025460027343750004 0.16796875
0 0.11743463828125 0.28517854609375004 0.20591725234374997 0.21162627421875002 0.20591725234374997 0.15908895625 0.26440569921875 0.18911027578125 0.34089059140625 0.1786027984375 0.2794026453125 0.07502920703125 0.20591725234374997 0.08853880546875001 0.18342169531250002 0.14858147890625 0.12793261015625 0.11705908125 0.061504939843749995 0.17176382343750002 0.0709439125 0.20412095312499998 0.11593502578124999 0.2221337515625 0.08294149687499999 0.2596603921875 0.11743463828125 0.28517854609375004
0 0.298927009375 0.39623493515625 0.32592167734375 0.4682861296875 0.33791926171875 0.52982981328125 0.4079546875 0.5984375 0.40879308515624996 0.5984375 0.48489018515625004 0.51181701484375 0.39790745859375 0.53133092578125 0.4698932390625 0.48029461640625 0.49688790703125 0.41274662187500005 0.46239462890625005 0.3482007828125 0.5078125 0.31447304296875 0.5078125 0.301461240625 0.50551001171875 0.275249596875 0.298927009375 0.39623493515625
0 0.68447031640625 0.08772926328125 0.6980623710937499 0.03935805703125 0.68522545390625 0 0.59179640546875 0.0026436328125 0.5878157328125 0.0401138453125 0.6180203203125 0.07790387109375 0.645959496875 0.0522066734375 0.68447031640625 0.08772926328125
0 0.7322866828125 0.06722384140625 0.7260016164062499 0.10360106953124999 0.7682879835937501 0.11569389765625 0.777349353125 0.09528728984375 0.7322866828125 0.06722384140625
0 0.7569612718750001 0.23662193203125 0.79698236640625 0.1927855265625 0.8392687343749999 0.21243631093749998 0.8800448960937499 0.14063530703125 0.822925571875 0.11254328515625 0.8007579140625 0.1731347078125 0.7796146953124999 0.15650711328125 0.74563456015625 0.209413121875 0.7569612718750001 0.23662193203125
0 0.11251139531250001 0.472458375 0.00084515 0.5484375 0.0009182046875 0.5484375 0.30617583359375 0.35587341171875 0.30703125 0.33771971875 0.30703125 0.3359838859375 0.10929436796875 0.4557147046875 0.11251139531250001 0.472458375
0 0.61030589375 0.7206522132812501 0.61030589375 0.70454155859375 0.5755385140625 0.6794089679687499 0.5536479226562501 0.654920821875 0.51630522109375 0.67296469375 0.49634615078125 0.656209653125 0.5111544593749999 0.64718771640625 0.51501750078125 0.627210509375 0.55751096484375 0.63945461171875 0.5549356421875 0.61367757578125 0.50922293828125 0.6078777468750001 0.4789624609375 0.606588915625 0.44677046249999997 0.59498925859375 0.43518133593749997 0.617544128125 0.402345478125 0.6014334734375 0.325873796875 0.5190796125 0.30705708593750003 0.554390428125 0.56459324765625 0.7238743210937499 0.584552259375 0.71227466328125 0.61030589375 0.7206522132812501
0 0.66476059765625 0.7829933382812501 0.70017183671875 0.7527053640625 0.70918558203125 0.75786074765625 0.7072540609375 0.77461581796875 0.716267865625 0.7771935101562499 0.72399395 0.7649494367187499 0.75103524453125 0.7771935101562499 0.7355830765625 0.72692832734375 0.7130486242187499 0.706306734375 0.70842130390625 0.726775859375 0.6860073296875 0.71146211796875 0.661541415625 0.725639496875 0.646089246875 0.76559385234375 0.66476059765625 0.7829933382812501
0 0.22250326875 0.21265810625 0.23703121171875 0.23984375 0.23856374453125 0.23984375 0.2640625 0.22916016093749997 0.2640625 0.2277795984375 0.2417456203125 0.2041512328125 0.22250326875 0.21265810625
0 0.0015625 0.00380113828125 0.0015625 0.00389242421875 0.0228559828125 0.04609375 0.024292722656249998 0.04609375 0.06075085703125001 0.03344686640625 0.06328125 0.01698433828125 0.06328125 0.01660870625 0.054956293749999996 0.0012255859375000001 0.0015625 0.00380113828125
0 0.22265625 0 0.22265625 0.0005308265625 0.23394281171875 0.03515625 0.234340790625 0.03515625 0.2671875 0.014766759374999999 0.2671875 0.013570064062500001 0.26427029296875004 0.00056274765625 0.23306373749999998 0 0.22265625 0
0 0.82636456640625 0.0239539890625 0.7866696578125 0.0032200953125 0.77550115859375 0.041997890625 0.78966566640625 0.05295313203125 0.79996707265625 0.034909230468750004 0.82636456640625 0.0239539890625
0 0.8476112984374999 0.029753817187499997 0.9006610859374999 0.045725374218749996 0.9184337765624999 0.0046212265625 0.8785156351562501 0 0.8476112984374999 0.029753817187499997
0 0.85235963359375 0.0969249140625 0.8360221718749999 0.11417355625 0.870145690625 0.12963976640625 0.88109095703125 0.11030700390624999 0.85235963359375 0.0969249140625
0 0.91714605625 0.1612166015625 0.9313105054687499 0.13350631875000002 0.9371050679687499 0.11997338515625 0.9493381140625001 0.143817115625 0.9699409265625001 0.14897252890624998 0.9853930953125 0.12448435312499999 0.9725163664062499 0.11868452421875 0.9628587609375 0.1322174578125 0.9499819148437499 0.12126221640624998 0.9609272398437501 0.10064062265625 0.9103213765625 0.08629859453125 0.8933239437499999 0.096129625 0.9074884515624999 0.11030700390624999 0.89010476171875 0.12899532109375 0.91714605625 0.1612166015625
0 0.997626140625 0.37910670625 0.99118765859375 0.32948596874999997 0.9596395203125001 0.36299608046875 0.92191372578125 0.33746614921874996 0.9107076921875 0.3675070484375 0.950625715625 0.40939471015624995 0.9886123359375001 0.4242165046875 0.997626140625 0.37910670625
0 0.659153821875 0.34809246875 0.63900702265625 0.41003912578125 0.6757059234375 0.433238440625 0.6885827109375 0.36621821718750003 0.659153821875 0.34809246875
1 0.30703414296875 0.1729802265625 0.442884478125 0.39208488671874997 0.5032857625 0.48984375 0.5037200976562499 0.48984375 0.5368851796875 0.4694159359375 0.48492813437500004 0.3632877484375 0.55813191171875 0.296065490625 0.5536250390624999 0.27608829765625 0.62109375 0.2467828078125 0.62109375 0.24356218515625 0.60255689609375 0.174913503125 0.30703414296875 0.1729802265625
1 0.11556478359375 0.18371668515625 0.15226368437499999 0.11734084843749999 0.1773734578125 0.12314067734375 0.167072021875 0.15536195703125 0.19926402031249998 0.17211702812500002 0.2385383015625 0.06514238984375001 0.279744075 0.079964184375 0.3112922421875 0.11089660390625 0.31064841171875 0.1605173703125 0.38662156406250003 0.188227653125 0.5102389125 0.00392198046875 0.06504595156250001 0.006118182812499999 0.04860537734375 0.04709848828125 0.10655100937499999 0.07094221875 0.06792058749999999 0.16760603046875 0.11556478359375 0.18371668515625
1 0.10608181406249999 0.23034566328125 0.095780378125 0.243878596875 0.10930102500000001 0.272233325 0.084375 0.28182896953125003 0.084375 0.28234466328124996 0.10415029296875 0.33023161171875 0.12153398203125002 0.3637417234375 0.1807673046875 0.33732030078125 0.2052332484375 0.33860913203125 0.23277863671875001 0.39375 0.23328411718750003 0.39375 0.25234375 0.37917285546875 0.25234375 0.3785339453125 0.220041571875 0.290921671875 0.20330172734375 0.29349936328125004 0.16145209453125 0.2251902796875 0.13834839296874998 0.171875 0.13774256406250002 0.171875 0.0944926875 0.185880309375 0.10608181406249999 0.23034566328125
1 0.37116939531250004 0.5370652765624999 0.385333903125 0.5170880695312501 0.33125131328125 0.47842254453125 0.31193610234375 0.438468159375 0.35636108671875 0.34889303671875 0.39756686015625 0.326982553125 0.4117313375 0.30184996171875 0.38211469140625 0.2799395078125 0.34670348125 0.32633813749999996 0.30807306015624997 0.31409406484375 0.3112922421875 0.26769543515625 0.2668672578125 0.252229225 0.27394951171875 0.3057165140625 0.28618246875 0.33729337890625 0.25978503359375 0.35920383359375 0.23725061093750002 0.29153916484375003 0.1850995421875 0.4075357390625 0.13170195625 0.36161687578125 0.12264702265625001 0.40173591093749994 0.30936072109375 0.54093182890625 0.3293197921875 0.51515479296875 0.37116939531250004 0.5370652765624999
1 0.56423533125 0.00164374609375 0.5803313007812501 0.03579828828125 0.52689257109375 0.07124168984375 0.5153034453124999 0.05319777421875001 0.4234375 0.074416890625 0.4234375 0.07510158125000001 0.4612208546875 0.193682509375 0.7359375 0.15375768437499998 0.7359375 0.15340175078125 0.64424567890625 0.00612162109375 0.56423533125 0.00164374609375
1 0.7266442 0.0671875 0.728240390625 0.0671875 0.77638969609375 0.05654746015624999 0.7828125 0.01344718828125 0.7828125 0.008126684375 0.69140276875 0.00177131015625 0.7266442 0.0671875
1 0.5984326570312499 0.70789459296875 0.6248300921875 0.70789459296875 0.6119533046875001 0.7433379515625 0.6543418398437499 0.775 0.6596226859375001 0.775 0.7020909343749999 0.7697594328124999 0.6641043734375 0.7033835953125 0.7085293578125 0.72013863671875 0.7581050453125 0.7066057031249999 0.79094090390625 0.7620263281249999 0.86328125 0.7259738648437499 0.86328125 0.7255173796875 0.57911744609375 0.6395854796875 0.5984326570312499 0.70789459296875
1 0.9556218546874999 0.37515563046875 0.9226331171875 0.33133448984374997 0.4562031609375 0.42735408828125 0.49012527656250005 0.5298177296875 0.50944048828125 0.49630761796874995 0.6291947945312499 0.7302340429687499 0.75088062109375 0.68899079609375 0.7823293359375 0.73203125 0.78263761953125 0.73203125 0.99921875 0.59093319140625 0.99921875 0.58812820859375 0.93244360078125 0.40544361953125 0.9556218546874999 0.37515563046875
1 0.895899325 0.37472245234375 0.62033561328125 0.2497038828125 0.63965082421875 0.2149049109375 0.606988253125 0.20125605234375002 0.5327733640625001 0.27483647421875 0.85083048046875 0.43916495390625 0.895899325 0.37472245234375
0 0.63314820859375 0.195872209375 0.63572358984375 0.21713824843750001 0.609375 0.23193261640625 0.609375 0.23204770625 0.62764848203125 0.26484375 0.6296664 0.26484375 0.6692033078125 0.25000394375 0.656970321875 0.21069400312500003 0.68203125 0.20747813437499998 0.68203125 0.20734800625 0.672889840625 0.18416759062500002 0.63314820859375 0.195872209375
1 0.93307706875 0.11915788515625 0.9259947851562501 0.088225465625 0.9599069460937499 0.0682163984375 0.94788537734375 0.0482710953125 0.9362962507812499 0.056648615624999996 0.9195564210937499 0.0392491296875 0.8970219695312499 0.056004200000000004 0.86740535234375 0.0611595984375 0.8480901414062499 0.030227178124999997 0.79078831015625 0.053426492968749996 0.7457195249999999 0.01862752109375 0.70580138359375 0.02378291953125 0.7046875 0.1118570390625 0.7046875 0.125535734375 0.78885678984375 0.0933808640625 0.8190130867187501 0.21796875 0.8206105890625001 0.21796875 0.85710388671875 0.20744416171875 0.8261995499999999 0.11271362656249999 0.86096692890625 0.09660300078125 0.89187126640625 0.164912084375 0.9266386453125 0.15395687265625 0.93951543359375 0.184244846875 0.99921875 0.150832021875 0.99921875 0.15007039296875 0.9852281375 0.09660300078125 0.93307706875 0.11915788515625
1 0.73770611484375 0.208473265625 0.65851375078125 0.23296144062500002 0.69325413359375 0.32890625 0.6934214484375001 0.32890625 0.7975832671875 0.27356024218749997 0.7950079453125001 0.23231699609374998 0.81796875 0.21989447109375 0.81796875 0.2173034265625 0.8083381203125001 0.19354041953125 0.79565494296875 0.09765625 0.7955860375 0.09765625 0.7010072140625 0.1324310765625 0.73770611484375 0.208473265625
0 0.8392413539062501 0.27032550546875 0.8156505289062499 0.26114985390625 0.78902180625 0.29996906484374997 0.8083370164062501 0.31092430703125 0.8392413539062501 0.27032550546875
1 0.92802216953125 0.29503867265625 0.91707684453125 0.27248377343749997 0.92673445 0.25959525546875 0.98468008203125 0.22930728046875 0.92673445 0.15133178593750002 0.86492577578125 0.17904209843750002 0.8031171015625 0.200952553125 0.8327337179687501 0.270550496875 0.7975240007812501 0.298905225 0.8037609023437501 0.328548784375 0.8327337179687501 0.35819234375 0.8926108718749999 0.34530385468749997 0.86428197421875 0.39814675859375004 0.87825909453125 0.42421875 0.8788050234375 0.42421875 0.99921875 0.3068840265625 0.99921875 0.305335740625 0.9596548031250001 0.27683131015625 0.92802216953125 0.29503867265625