2 0.30837750078125004 1 0.9958510359374999 0.9775262664062501 0.35231156953125 0.3893496421875 0.3002427140625 0.3893496421875 0.30544878359375 1 0.30837750078125004 1
0 0.21492269140625 0.75232994453125 0.04513887578125 0.7404513859375 0.22186509999999998 0.8582994648437501 0.27914084140625 0.8426646140624999 0.21492269140625 0.75232994453125
0 0.24826387578125 0.90190971875 0.1784744921875 0.89651804296875 0.1750031296875 0.95210857265625 0.249635209375 0.9555830898437501 0.24826387578125 0.90190971875
0 0.25347220859375 0.6232638859375 0.2565777765625 0.6897905398437499 0.31038215468749997 0.6758928671875 0.30170406484375 0.61509072109375 0.25347220859375 0.6232638859375
0 0.32079592578125 0.681104484375 0.26128470859375 0.7170138859375 0.28087652265625 0.7679647953125001 0.3242672890625 0.7540671234375 0.32079592578125 0.681104484375
0 0.96822382578125 0.63596973203125 0.9612812585937499 0.57169306796875 0.8692930000000001 0.5039420453125001 0.90053431328125 0.4483515171875 0.8692930000000001 0.41360737578125006 0.94739628359375 0.31979826953125 0.91962617421875 0.25899604374999996 0.7911897156250001 0.30590059687500004 0.8154884625 0.22598916171875 0.75821272109375 0.20514269375 0.7217645218750001 0.21730310703125003 0.75821272109375 0.2572588640625 0.71308643203125 0.2867913875 0.49092587421875 0.1426032890625 0.49092587421875 0.092224296875 0.5412592078125 0.08353828203125 0.51869598359375 0.0000325421875 0.40588018203125 0.0018896273437499999 0.33645498749999997 0.14434046796875 0.27917924609375 0.21556592812500003 0.35033996328125 0.326747065625 0.41976515703125 0.39797252578125 0.5308454359375 0.510890921875 0.63324746640625 0.61686044296875 0.96462826640625 0.87734375 0.9648445820312499 0.87734375 0.99375 0.84671031171875 0.99375 0.84569045625 0.8658216367187499 0.724567221875 0.96822382578125 0.63596973203125
0 0.22707198515625 0.203372971875 0.2756696375 0.23985429140624998 0.27914084140625 0.2294310578125 0.331209696875 0.26591237734375 0.4110486625 0.16341721484375 0.31211783671875 0.13562195 0.18888826328125 0.17036601093749998 0.13855493046875 0.13909630859375 0.15938247265625 0.07134528671875 0.07260109921874999 0.041812803125 0.04513887578125 0.08940971875 0.11078497968750001 0.11824984062499999 0.05871604453125 0.1912124796875 0.16458935859374998 0.25027752578125 0.22707198515625 0.203372971875
0 0.131612521875 0.63941154765625 0.15591126875 0.5786094015625001 0.01909720859375 0.5607638859375 0.01358967578125 0.7332206554687499 0.0361529 0.7332206554687499 0.131612521875 0.63941154765625
1 0.29996838359375 0.54733969921875 0.34509483125 0.51259555859375 0.39889921015624996 0.39272836640625003 0.3364165828125 0.3458238125 0.3364165828125 0.2624379390625 0.22186509999999998 0.19294973828125 0.14549749765625 0.257226321875 0.062187328124999997 0.20163571328125 0.10731361640624999 0.1269358953125 0.0399305421875 0.09722221875 0 0.44484453671875 0.23575023359374997 0.51954435546875 0.29996838359375 0.54733969921875
1 0.1243407859375 0.74140625 0.129281721875 0.74140625 0.19065852265625 0.7349396828125 0.13511846249999998 0.5820655296874999 0.29883688359375 0.5503289875 0.3078125 0.35435184609375 0.3078125 0.33607014999999996 0.0014749609375 0.5785911710937499 0.1243407859375 0.74140625
1 0.21839389531250003 0.1807892453125 0.26699154765625 0.01228031953125 0 0 0.00491158671875 0.1130382234375 0.03732637578125 0.09722221875 0.1524400640625 0.08524295859375 0.14376181562499998 0.142570746875 0.21839389531250003 0.1807892453125
1 0.6575079671874999 0.20684733046875 0.75643879296875 0.10956386484375 0.71999059375 0.0070687023437499994 0.2687270703125 0.00880588203125 0.2721984328125 0.13909630859375 0.3780716671875 0.12519871640625 0.40931298125 0.15473116015625 0.35763887578125 0.25086805234375 0.478738175 0.288496025 0.44923254296875 0.19294973828125 0.49783003593749997 0.16515439375000002 0.6575079671874999 0.20684733046875
1 0 0.8965383320312499 0.08987534765625001 0.996875 0.09526891796875 0.996875 0.24989763125 0.9850990312500001 0.26171875 0.89674785 0.26171875 0.8964810648437499 0.20303566171875 0.86002022109375 0.260311403125 0.799218075 0.250466996875 0.74564321640625 0 0.89648169375 0 0.8965383320312499