1 0.3624510109375 0.66894407109375 0.42146243359374996 0.56123729140625 0.999426734375 0.8444018726562501 0.9976910531250001 0.00011986640625000001 0.5711805421875 0 0.35203723984375 0.281547228125 0.3624510109375 0.66894407109375
1 1 0.8305042796875 0.54469200625 0.6324627515625 0.5325427125 0.681104484375 0.4071180421875 0.6154513859375 0.5776690015625 0.70716256953125 0.8848752515625 0.83397863828125 0.86751891328125 1 1 0.9972760265625 1 0.8305042796875
1 0.81545005703125 1 0.8050362859375 0.97469229921875 0.5932896585937499 0.9069412773437501 0.7321398875 0.78012520859375 0.58634709140625 0.7123741867187501 0.5360139171875 0.769701975 0.47526697109375 0.7262718593749999 0.51518637421875 0.6897905398437499 0.43576387578125003 0.6388888859375 0.38154303046875004 0.6897905398437499 0.41451986640625 0.75754156171875 0.46138183671875 0.73843227265625 0.49783003593749997 0.769701975 0.46311751875 0.8357158968749999 0.46138183671875 0.8826204507812501 0.52039326015625 1 0.81545005703125 1
0 0.7668525640625 0.94515985546875 0.8553696195312501 1 0.88140404765625 0.9382109796875 0.8432201671874999 0.915627253125 0.8709902765624999 0.8357158968749999 0.71651923125 0.7835997265625 0.6076388757812501 0.9045138859374999 0.7668525640625 0.94515985546875
0 0.44055429453125 0.5282304101562499 0.36071548828125 0.651572040625 0.3884854390625 0.68457892265625 0.43361188671875006 0.63767436875 0.51865757890625 0.6758928671875 0.55510577734375 0.6289883140625 0.44055429453125 0.5282304101562499
0 0.5290713499999999 0.7679647953125001 0.5776690015625 0.715848625 0.5243055421875 0.69097221875 0.49088762812500003 0.72279742109375 0.5290713499999999 0.7679647953125001
0 0.27914084140625 0.4865374734375 0.33468106015625 0.22248218203125 0.51518637421875 0.00185708515625 0.181945696875 0 0.017060959375 0.35277260859375004 0 0.5004351453125 0.03268161640625 0.7731764921875001 0.1489687015625 0.993801509375 0.4461805421875 0.98524305234375 0.35377292109375 0.8513507484374999 0.27914084140625 0.4865374734375
0 0.0899574375 1 0.0008680421875 0.83159721875 0 1 0.0899574375 1
0 0.1177273875 0.00011986640625000001 0 0.00011986640625000001 0.00347220859375 0.12586805234375 0.1177273875 0.00011986640625000001
2 0.1628538359375 1 0.02573912890625 0.75232994453125 0.0086805421875 0.58940971875 0.008382790625 0.8478762312500001 0.10731361640624999 1 0.1628538359375 1
2 0.1177273875 0 0 0.1321475125 0.01128470859375 0.36284721875 0.1906237859375 0 0.1177273875 0