2 0.53167559609375 0.40130440624999997 0.61325008359375 0.21194893203124998 0.8631805921875 0.10945384921875001 0.86491627421875 0.165044378125 0.9152494484375 0.16678163671875 0.9291345828124999 0.24843025234375 1 0.21021175312499998 0.9939236242187499 0.052841370312500004 0.9968240953124999 0.010433085156249999 0.5438250484375 0.00522146796875 0.48654930703125 0.050388802343750004 0.31298640078125 0.08513294296875 0 0.39782996796875 0.0057662640625 0.6421875 0.00718585234375 0.6421875 0.4622504015625 0.45168331796874994 0.53167559609375 0.40130440624999997
0 0.48263887578125003 0.00347221875 0.70610546015625 0.08176852109375 0.638415946875 0.00011986640625000001 0.48263887578125003 0.00347221875
1 0.81979964140625 0.156423003125 0.8840179499999999 0.08172310625 0.92393735390625 0.09214633984375001 0.9998263953125001 0.00082263671875 0.88575363203125 0.00181166953125 0.65954860390625 0.27455293671875 0.6963114648437501 0.35390625 0.69712183046875 0.35390625 0.857983521875 0.1911670640625 0.81979964140625 0.156423003125
0 0.7118055421875 0.0763888859375 0.80156508203125 0.1912124796875 0.8501627335937499 0.15820559765625 0.7824732210937501 0.08003134140625 0.7118055421875 0.0763888859375
1 0.7929294796875 0 0.79523254140625 0.19765625 0.7956231625 0.19765625 0.99921875 0.004237228125 0.99921875 0.0034419257812499998 0.80088401328125 0 0.7929294796875 0
1 0.18368137812500002 0.56297455078125 0.1628538359375 0.1321475125 0.00607637578125 0.21440971874999998 0.0031759046875000003 1 0.18888826328125 0.99553876796875 0.21492269140625 0.79054844296875 0.18368137812500002 0.56297455078125
1 0.28087652265625 0.34408663359374997 0.30517526953125 0.40488877968750003 0.54816336953125 0.49174909062500005 0.56031266328125 0.45353059218749997 0.385014234375 0.199898534375 0.16753470859375 0.13107638593749998 0.18715258203125001 0.39793998359375 0.21492269140625 0.389253928125 0.21318701015625 0.33887501640625 0.28087652265625 0.34408663359374997
0 0.2051634859375 1 0.63860897734375 0.99395322734375 0.6212526390625001 0.70036549140625 0.6515625 0.4374413328125 0.6515625 0.42939253125 0.6122203359375 0.4307072703125 0.546620559375 0.7229491390625 0.26892010078125 0.7038399296875 0.171724796875 0.8706116757812501 0.19426159453125 1 0.2051634859375 1
0 0.1767388109375 0.41531201328125 0.25484209453125 0.602930228125 0.38154303046875004 0.60640466640625 0.36071548828125 0.42399806875 0.25831329921875 0.32324016484375 0.171531925 0.32497734453125 0.1767388109375 0.41531201328125
0 0.53948512109375 0.49348626953124997 0.3659223734375 0.42920968593750003 0.3758680421875 0.47743055234375 0.9890129632812499 0.651572040625 0.9907486453125 0.5820837601562501 0.58461156875 0.44658171640625 0.53948512109375 0.49348626953124997
0 0.8033007632812501 0.63767436875 0.7373467734375 0.5890326359375 0.61284720859375 0.59722221875 0.5533702554687501 0.6533092203125 0.70263425546875 0.7210602421875 0.80156508203125 0.7332206554687499 0.8033007632812501 0.63767436875
0 0.8085076492187501 0.8287670210937501 0.6493055421875 0.83159721875 0.6627148523437499 0.8982553023437501 0.8085076492187501 0.8895691671874999 0.8085076492187501 0.8287670210937501
1 0.44048755234375003 0.48808480625 0.27907409921875004 0.54541259453125 0.26875 0.73141524921875 0.26875 0.7328125 0.27261056250000004 0.7328125 0.55156767265625 0.7173959578125 0.56015625 0.62111770859375 0.56015625 0.6201085898437501 0.44048755234375003 0.614900875 0.44048755234375003 0.48808480625
0 0.7113123453125 0.993801509375 0.7170138757812501 0.9045138859374999 0.6453585140625 0.8930436851562501 0.6453585140625 1 0.7113123453125 0.993801509375
1 0.8328063953125 0.807920553125 0.8241283062500001 0.99901312578125 0.9976910531250001 0.9972760265625 0.9942198492187501 0.64983478203125 0.81597220859375 0.6076388859375 0.8171857390625 0.74190671015625 0.6314735390624999 0.7002137734375 0.63320906171875 0.8148694289062499 0.8328063953125 0.807920553125
1 0.8171857390625 0.8808831921875001 0.73003470859375 0.89930555234375 0.7251974796875 0.99553876796875 0.8171857390625 0.993801509375 0.8171857390625 0.8808831921875001