2 0.78768010703125 0.8444018726562501 0.9004959085937501 0.9243133875 0.93520842578125 0.8895691671874999 0.9282660179687501 0.8426646140624999 0.80034720859375 0.78472221875 0.78768010703125 0.8444018726562501
2 0.8761971617187501 1 0.7586805421875 0.90711805234375 0.6974273703125 0.9972760265625 0.8761971617187501 1
0 0.5325427125 0.9972760265625 0.67486414609375 0.99901312578125 0.75990999765625 0.8947807843750001 0.91438088359375 1 0.9461805421875 0.99305555234375 0.5672552304687499 0.74190671015625 0.5325427125 0.9972760265625
2 0.51518637421875 0.9034669187500001 0.5672552304687499 0.8548251070312499 0.56031266328125 0.7888113437500001 0.45659720859375 0.77430555234375 0.43361188671875006 0.82529266328125 0.51518637421875 0.9034669187500001
0 0.24095711953125 0.9138901531249999 0.3364165828125 0.8357158968749999 0.435347409375 0.77665085078125 0.39889921015624996 0.7210602421875 0.435347409375 0.661995275 0.2756696375 0.569923346875 0.26525586562500003 0.6133534625 0.34201387578125 0.67274305234375 0.20450892031249998 0.82008104609375 0.24095711953125 0.9138901531249999
0 0.37459595625 0.891675778125 0.38654549140625 0.90103609921875 0.36628320859375 0.91559658984375 0.36368549609375 0.9462776734375 0.33355182890625 0.9987994578125001 0.3506968375 0.999839478125 0.36628320859375 0.9727985828125 0.3792718671875 0.9800788164062499 0.3823891421875 0.99775943828125 0.419276871875 1 0.43330460625 0.97539865625 0.48422007031250003 0.9993194921875 0.5418896453125 0.9374373390624999 0.5517610296875 0.8906357343750001 0.50136507890625 0.88179544765625 0.45044961484375 0.8157531671875 0.4436955046875 0.778311884375 0.419276871875 0.7746717671875001 0.39797551328125 0.7460707945312499 0.419276871875 0.70706944609375 0.4436955046875 0.66858813046875 0.39018232734375 0.6309217257812499 0.37303731875 0.68292351171875 0.32160226953125004 0.6662829453125 0.3065354359375 0.68396354375 0.29926181171875 0.70840438984375 0.278999528125 0.7323252015625 0.24938542265625002 0.725564978125 0.24782678515624998 0.74064550234375 0.26808906875 0.75676604765625 0.28783178984375 0.7411655125000001 0.30601589765625004 0.7583261007812501 0.28990998828125003 0.7884871265625 0.24990496015625002 0.771846571875 0.226005865625 0.7770467421875 0.20834129531249998 0.79004718046875 0.21249766874999998 0.86336969375 0.25302223437500004 0.89301071015625 0.2623740578125 0.9013310109375 0.29354680078125 0.8763701554687501 0.3028986234375 0.8306085703124999 0.34013721406249997 0.8405988531249999 0.34757956328125 0.8807554039062501 0.37459595625 0.891675778125
1 0.37303731875 0.9238824875 0.34965776171875 0.8578402078125 0.3164068203125 0.8323593421875 0.2606246171875 0.90452074453125 0.29354680078125 0.9987650546875001 0.37303731875 0.9238824875
1 0.2623740578125 0.936362915625 0.2013799375 0.92011144921875 0.2223690296875 0.9914847968749999 0.2623740578125 0.936362915625
1 0.201805603125 0.83510000234375 0.21219650156249997 0.7862183109374999 0.18725830703125 0.776857990625 0.1940124171875 0.74149679375 0.21531377578125 0.75241716875 0.224146084375 0.776857990625 0.2542797046875 0.7690577226562499 0.28389381015625 0.79505864609375 0.3062342921875 0.7518971343749999 0.2880502078125 0.74877702734375 0.26207288984375 0.7518971343749999 0.2485647171875 0.73577658984375 0.24960379296875002 0.72017605546875 0.27194427421875 0.68585487890625 0.3031170171875 0.7004153695312499 0.31558611484375 0.68481483515625 0.32441837578125 0.6640141296875 0.3748143265625 0.69001502890625 0.38468571093750004 0.66297408671875 0.362864790625 0.6577739164062499 0.37585340234375 0.63749322109375 0.36182566796875004 0.63125300703125 0.344680659375 0.64893360546875 0.26778792500000004 0.61409241875 0.27765926171875 0.5792512320312501 0.23038063281249999 0.559490546875 0.20804015156250003 0.5428499687499999 0.20752058984375 0.5334896476562501 0.17946512109374999 0.51892915625 0.147772840625 0.59221923203125 0.07919280625 0.57453862265625 0.06828234609375 0.58337892109375 0.0833491796875 0.59845944609375 0.06620417109375 0.63746078359375 0.1264714578125 0.6556614148437501 0.11660009765624998 0.6780221734375 0.106209175 0.7107832968750001 0.0875055296875 0.76538516875 0.1114046484375 0.77162538203125 0.1404991921875 0.7768255523437501 0.15089011484374998 0.81946703046875 0.13270600703125 0.83350751171875 0.15296828984375 0.86470858125 0.20449807890625 0.87178026328125 0.201805603125 0.83510000234375
0 0.13322556796875 0.6473735515625 0.15140965234374998 0.654653809375 0.13686238046875 0.67597454765625 0.13426464375 0.7336965265625001 0.09633781484375001 0.7227761523437499 0.093740078125 0.738896696875 0.13010829375 0.74721697421875 0.15660512578125002 0.7477370078125001 0.1659569484375 0.76749766953125 0.19557105390625001 0.7565772953125001 0.18673876953125 0.7326564828125 0.15089011484374998 0.7227761523437499 0.19037558125 0.60317204453125 0.1444738640625 0.5981633875 0.13322556796875 0.6473735515625
0 0.00175985546875 0.60419556015625 0.06590470703125 0.63109971484375 0.07934457109375001 0.59624658125 0.06529378515624999 0.59074345546875 0.06651560078124999 0.5717882515625 0.14287852890625 0.59013200625 0.1795327296875 0.4953559328125 0.00122214140625 0.37978199765625 0.00175985546875 0.60419556015625
0 0.97676489921875 0.8495795453125 1 0.6334259624999999 0.9233243124999999 0.5272924421875 0.7968004468750001 0.7670209085937499 0.97676489921875 0.8495795453125
0 0.10543705390625 0.07202708515625 0 0.037502565625 0.0075005921875 0.15601255546874998 0.07994213515625001 0.16809535546875 0.10543705390625 0.07202708515625
0 0.11593502578124999 0.2221337515625 0.08294149687499999 0.2596603921875 0.11743463828125 0.28517854609375004 0.20591725234374997 0.21162627421875002 0.20591725234374997 0.15908895625 0.26440569921875 0.18911027578125 0.34089059140625 0.1786027984375 0.2794026453125 0.07502920703125 0.20591725234374997 0.08853880546875001 0.18342169531250002 0.14858147890625 0.12793261015625 0.11705908125 0.061504939843749995 0.17176382343750002 0.0709439125 0.20412095312499998 0.11593502578124999 0.2221337515625
0 0.345389703125 0.34822334140625 0.31089642500000003 0.41276918046875 0.33789109296875003 0.480317175 0.40987687343749996 0.53135348359375 0.32289414609375 0.51183957265625 0.3993790390625 0.5989014781249999 0.46986507031249997 0.52985237109375 0.48186265468749995 0.46830868828125 0.5088573226562499 0.39625749374999997 0.3022743203125 0.27527215546875 0.298898840625 0.31369878828125 0.345389703125 0.34822334140625
0 0.6180203203125 0.07790387109375 0.645959496875 0.0522066734375 0.68447031640625 0.08772926328125 0.6980623710937499 0.03935805703125 0.68522545390625 0 0.59179640546875 0.0026436328125 0.5878157328125 0.0401138453125 0.6180203203125 0.07790387109375
0 0.7682879835937501 0.11569389765625 0.777349353125 0.09528728984375 0.7322866828125 0.06722384140625 0.7260016164062499 0.10360106953124999 0.7682879835937501 0.11569389765625
0 0.7796146953124999 0.15650711328125 0.74563456015625 0.209413121875 0.7569612718750001 0.23662193203125 0.79698236640625 0.1927855265625 0.8392687343749999 0.21243631093749998 0.8800448960937499 0.14063530703125 0.822925571875 0.11254328515625 0.8007579140625 0.1731347078125 0.7796146953124999 0.15650711328125
0 0.19460405078125 0.4724967515625 0.197821078125 0.45575308124999997 0 0.33597128125000003 0.0009396125 0.35591178828125003 0.3071996421875 0.549108215625 0.19460405078125 0.4724967515625
0 0.56459324765625 0.7238743210937499 0.584552259375 0.71227466328125 0.61030589375 0.7206522132812501 0.61030589375 0.70454155859375 0.5755385140625 0.6794089679687499 0.5536479226562501 0.654920821875 0.51630522109375 0.67296469375 0.49634615078125 0.656209653125 0.5111544593749999 0.64718771640625 0.51501750078125 0.627210509375 0.55751096484375 0.63945461171875 0.5549356421875 0.61367757578125 0.50922293828125 0.6078777468750001 0.4789624609375 0.606588915625 0.44677046249999997 0.59498925859375 0.43518133593749997 0.617544128125 0.402345478125 0.6014334734375 0.325873796875 0.5190796125 0.30705708593750003 0.554390428125 0.56459324765625 0.7238743210937499
0 0.661541415625 0.725639496875 0.646089246875 0.76559385234375 0.66476059765625 0.7829933382812501 0.70017183671875 0.7527053640625 0.70918558203125 0.75786074765625 0.7072540609375 0.77461581796875 0.716267865625 0.7771935101562499 0.72399395 0.7649494367187499 0.75103524453125 0.7771935101562499 0.7355830765625 0.72692832734375 0.7130486242187499 0.706306734375 0.70842130390625 0.726775859375 0.6860073296875 0.71146211796875 0.661541415625 0.725639496875
0 0.250127428125 0.24037129609375 0.26493573671875004 0.21266101328125 0.24569338515625 0.20415413984375 0.2224422734375 0.2287716390625 0.250127428125 0.24037129609375
0 0.009974955468750001 0.00139908984375 0.00160503359375 0.016865299218749998 0.0041803921875 0.033620370312499995 0.04186125390625 0.046691403124999996 0.06341371484375 0.0039768109375 0.009974955468750001 0.00139908984375
0 0.26751111796875 0 0.22566148515625 0.00075467421875 0.22250868828125 0.01481244453125 0.25592199140625 0.03555364609375 0.26751111796875 0
0 0.78966566640625 0.05295313203125 0.79996707265625 0.034909230468750004 0.82636456640625 0.0239539890625 0.7866696578125 0.0032200953125 0.77550115859375 0.041997890625 0.78966566640625 0.05295313203125
0 0.9184337765624999 0.0046212265625 0.8785156351562501 0 0.8476112984374999 0.029753817187499997 0.9006610859374999 0.045725374218749996 0.9184337765624999 0.0046212265625
0 0.870145690625 0.12963976640625 0.88109095703125 0.11030700390624999 0.85235963359375 0.0969249140625 0.8360221718749999 0.11417355625 0.870145690625 0.12963976640625
0 0.9074884515624999 0.11030700390624999 0.89010476171875 0.12899532109375 0.91714605625 0.1612166015625 0.9313105054687499 0.13350631875000002 0.9371050679687499 0.11997338515625 0.9493381140625001 0.143817115625 0.9699409265625001 0.14897252890624998 0.9853930953125 0.12448435312499999 0.9725163664062499 0.11868452421875 0.9628587609375 0.1322174578125 0.9499819148437499 0.12126221640624998 0.9609272398437501 0.10064062265625 0.9103213765625 0.08629859453125 0.8933239437499999 0.096129625 0.9074884515624999 0.11030700390624999
0 0.950625715625 0.40939471015624995 0.9886123359375001 0.4242165046875 0.997626140625 0.37910670625 0.99118765859375 0.32948596874999997 0.9596395203125001 0.36299608046875 0.92191372578125 0.33746614921874996 0.9107076921875 0.3675070484375 0.950625715625 0.40939471015624995
0 0.6757059234375 0.433238440625 0.6885827109375 0.36621821718750003 0.659153821875 0.34809246875 0.63900702265625 0.41003912578125 0.6757059234375 0.433238440625
1 0.42525198515625 0.490298715625 0.4857729984375 0.39234607265625 0.62162333359375 0.1732414125 0.32610058046875 0.1751746890625 0.30678536953125 0.246705909375 0.3750324375 0.27634948359375 0.37052556484375 0.2963266765625 0.44372934218750004 0.363548934375 0.39177229687500004 0.46967712187500005 0.42525198515625 0.490298715625
1 0.10655100937499999 0.07094221875 0.06792058749999999 0.16760603046875 0.11556478359375 0.18371668515625 0.15226368437499999 0.11734084843749999 0.1773734578125 0.12314067734375 0.167072021875 0.15536195703125 0.19926402031249998 0.17211702812500002 0.2385383015625 0.06514238984375001 0.279744075 0.079964184375 0.3112922421875 0.11089660390625 0.31064841171875 0.1605173703125 0.38662156406250003 0.188227653125 0.5102389125 0.00392198046875 0.06504595156250001 0.006118182812499999 0.04860537734375 0.04709848828125 0.10655100937499999 0.07094221875
1 0.1039756578125 0.39400280546875 0.1316607828125 0.33858221015625 0.15612672656249998 0.33729337890625 0.21536004921875002 0.36371480156249997 0.23274373828125 0.33020468984375 0.2527027796875 0.281872784375 0.22759300625 0.272206403125 0.241113653125 0.243851675 0.2308122171875 0.23031874140625003 0.24240134375000003 0.1858533875 0.19862018984375002 0.17167603828125 0.17544193671875 0.2251633578125 0.13359230390625002 0.29347244140625 0.116852459375 0.29089475 0.08436653281249999 0.37900539921875 0.1039756578125 0.39400280546875
1 0.30936072109375 0.54093182890625 0.3293197921875 0.51515479296875 0.37116939531250004 0.5370652765624999 0.385333903125 0.5170880695312501 0.33125131328125 0.47842254453125 0.31193610234375 0.438468159375 0.35636108671875 0.34889303671875 0.39756686015625 0.326982553125 0.4117313375 0.30184996171875 0.38211469140625 0.2799395078125 0.34670348125 0.32633813749999996 0.30807306015624997 0.31409406484375 0.3112922421875 0.26769543515625 0.2668672578125 0.252229225 0.27394951171875 0.3057165140625 0.28618246875 0.33729337890625 0.25978503359375 0.35920383359375 0.23725061093750002 0.29153916484375003 0.1850995421875 0.4075357390625 0.13170195625 0.36161687578125 0.12264702265625001 0.40173591093749994 0.30936072109375 0.54093182890625
1 0.698240315625 0.1936790703125 0.73622687734375 0.07446038828125 0.64415772578125 0.05319433515625001 0.63256859921875 0.0712382515625 0.57912986953125 0.03579484921875 0.5952258390625 0.0016403070312500001 0.5152154921875 0.006118182812499999 0.4233204640625 0.1537247140625 0.698240315625 0.1936790703125
1 0.74781600390625 0.06737169921875 0.78322724296875 0.0016403070312500001 0.69103278046875 0.008050240625 0.698240315625 0.05641645703125 0.74781600390625 0.06737169921875
1 0.68471966875 0.70672576796875 0.73429535625 0.7202587015625 0.778720340625 0.70350366015625 0.7407337796875 0.76987949765625 0.7877341453125 0.7756793265625 0.830871409375 0.74345801640625 0.817994621875 0.7080146578125001 0.84439205703125 0.7080146578125001 0.8637072679687501 0.63970554453125 0.57897341015625 0.7258098304687499 0.6518838101562501 0.76214639296875 0.68471966875 0.70672576796875
1 0.52375956015625 0.40577910546874996 0.45615632265625 0.59072919375 0.67377440234375 0.73250280390625 0.70532253984375 0.68932628203125 0.8270083671874999 0.730569528125 0.9467626734374999 0.496643103125 0.966077884375 0.53015321484375 1 0.42768957421875 0.53357004453125 0.331669975 0.5005813070312499 0.375491115625 0.52375956015625 0.40577910546874996
1 0.5327733640625001 0.27483647421875 0.85083048046875 0.43916495390625 0.895899325 0.37472245234375 0.62033561328125 0.2497038828125 0.63965082421875 0.2149049109375 0.606988253125 0.20125605234375002 0.5327733640625001 0.27483647421875
0 0.6093903468749999 0.20717180546875 0.6345001203125 0.2103939421875 0.622267134375 0.2497038828125 0.66347293671875 0.26517009296875 0.6821442875 0.23165998124999998 0.65574685234375 0.21683818671875002 0.65832223359375 0.19557214843749998 0.6185806015625 0.1838675296875 0.6093903468749999 0.20717180546875
1 0.7780765398437499 0.087953109375 0.7709942562500001 0.11888552890625 0.7188431875 0.09633064453125 0.7046787390625 0.15046237890625 0.7645558921875 0.183972490625 0.7774326796875 0.15368451640625 0.8122000585937499 0.164639728125 0.8431043960937499 0.09633064453125 0.877871775 0.1124412703125 0.84696743828125 0.20717180546875 0.8849539992187501 0.21812704765625002 0.9152145351562501 0.09310850781249999 0.9995576617187499 0.12532978828125002 0.99826994140625 0.02351056328125 0.9583518 0.01835516484375 0.9132830148437501 0.05315413671875 0.8559811835937501 0.029954821875 0.83666597265625 0.0608872421875 0.80704935546875 0.055731843749999996 0.78451490390625 0.0389767734375 0.76777507421875 0.056376259375 0.75618594765625 0.047998739062500004 0.74416437890625 0.0679440421875 0.7780765398437499 0.087953109375
1 0.6821442875 0.23230439687499999 0.679568965625 0.27354764296875 0.783871103125 0.32896820859375 0.8186384820312499 0.23294884140625 0.73944611796875 0.20846066640625 0.7761450187500001 0.13241847734375 0.6815004859375 0.097619490625 0.6688141125 0.1935278203125 0.65832223359375 0.21941590781250003 0.6821442875 0.23230439687499999
0 0.78902180625 0.29996906484374997 0.8083370164062501 0.31092430703125 0.8392413539062501 0.27032550546875 0.8156505289062499 0.26114985390625 0.78902180625 0.29996906484374997
1 0.79739175078125 0.30576889375 0.91907757734375 0.42434318906249996 0.9332420265625 0.3979217671875 0.90491312890625 0.34507886328125 0.9647902820312501 0.35796735234375 0.9937630984375 0.32832379296875003 1 0.29868023359375 0.9647902820312501 0.27032550546875 0.99440689921875 0.20072756171875 0.9325982249999999 0.17881710703125 0.87078955078125 0.15110679453125 0.81284391875 0.2290822890625 0.87078955078125 0.2593702640625 0.88044715625 0.27225878203125 0.86950183125 0.29481368125 0.83786919765625 0.27660631874999997 0.79739175078125 0.30576889375