2 0.93520842578125 0.8895691671874999 0.9282660179687501 0.8426646140624999 0.80034720859375 0.78472221875 0.78768010703125 0.8444018726562501 0.9004959085937501 0.9243133875 0.93520842578125 0.8895691671874999
2 0.70057279921875 1 0.87578125 0.9973302921875 0.87578125 0.9962699390624999 0.81524109921875 0.9071614531250001 0.6977793906249999 1 0.70057279921875 1
0 0.75990999765625 0.8947807843750001 0.91438088359375 1 0.9461805421875 0.99305555234375 0.5672552304687499 0.74190671015625 0.5325427125 0.9972760265625 0.67486414609375 0.99901312578125 0.75990999765625 0.8947807843750001
2 0.44051152031249996 0.78902570390625 0.43359375 0.85480368515625 0.43359375 0.85506263203125 0.48504233828125 0.903125 0.48621828359375 0.903125 0.5671875 0.82553078671875 0.5671875 0.82545201796875 0.5442269750000001 0.7745199125 0.44051152031249996 0.78902570390625
0 0.435347409375 0.77665085078125 0.39889921015624996 0.7210602421875 0.435347409375 0.661995275 0.2756696375 0.569923346875 0.26525586562500003 0.6133534625 0.34201387578125 0.67274305234375 0.20450892031249998 0.82008104609375 0.24095711953125 0.9138901531249999 0.3364165828125 0.8357158968749999 0.435347409375 0.77665085078125
0 0.51022432734375 0.771682434375 0.47021929921875005 0.7883229890625 0.45411338984375 0.75816196328125 0.47229749765625 0.741001375 0.49204021875 0.75660191015625 0.51230250234375 0.74048136484375 0.51074386484375 0.725400840625 0.481129759375 0.7321610640625 0.46086747578125 0.70824025234375 0.45359385156250004 0.68379940625 0.43852701796875 0.6661188078125 0.38709196874999996 0.68275937421875 0.36994696015625 0.6307575882812501 0.3164337828125 0.66842399296875 0.340852415625 0.70690530859375 0.36215377421875 0.74590665703125 0.340852415625 0.7745076296875 0.3164337828125 0.778147746875 0.30967967265624996 0.8155890296875 0.25876420859375 0.88163131015625 0.20836825781249999 0.89047159765625 0.2182396421875 0.9372732015624999 0.2759092171875 0.9991553546875 0.32682468125 0.97523451875 0.34050053671875 0.99921875 0.3510123140625 0.99921875 0.3777401453125 0.9975953007812499 0.38085742031250003 0.97991467890625 0.39384607890625 0.9726344453125 0.40916927109375 0.99921875 0.41695947265625 0.99921875 0.42657745859374996 0.99863532109375 0.39644379140625 0.9461135359374999 0.39384607890625 0.91543245234375 0.37358379609375 0.9008719617187501 0.38553333125 0.891511640625 0.41254972421874997 0.8805912664062501 0.41999207343749995 0.8404347156249999 0.4572306640625 0.8304444328124999 0.46658248671875 0.8762060179687501 0.4977552296875 0.9011668734375 0.507107053125 0.89284657265625 0.54763161875 0.86320555625 0.55078125 0.80764296484375 0.55078125 0.78914211953125 0.5341234218750001 0.7768826046874999 0.51022432734375 0.771682434375
1 0.3164068203125 0.8323593421875 0.2606246171875 0.90452074453125 0.29354680078125 0.9987650546875001 0.37303731875 0.9238824875 0.34965776171875 0.8578402078125 0.3164068203125 0.8323593421875
1 0.2223690296875 0.9914847968749999 0.2623740578125 0.936362915625 0.2013799375 0.92011144921875 0.2223690296875 0.9914847968749999
1 0.18725830703125 0.776857990625 0.1940124171875 0.74149679375 0.21531377578125 0.75241716875 0.224146084375 0.776857990625 0.2542797046875 0.7690577226562499 0.28389381015625 0.79505864609375 0.3062342921875 0.7518971343749999 0.2880502078125 0.74877702734375 0.26207288984375 0.7518971343749999 0.2485647171875 0.73577658984375 0.24960379296875002 0.72017605546875 0.27194427421875 0.68585487890625 0.3031170171875 0.7004153695312499 0.31558611484375 0.68481483515625 0.32441837578125 0.6640141296875 0.3748143265625 0.69001502890625 0.38468571093750004 0.66297408671875 0.362864790625 0.6577739164062499 0.37585340234375 0.63749322109375 0.36182566796875004 0.63125300703125 0.344680659375 0.64893360546875 0.26778792500000004 0.61409241875 0.27765926171875 0.5792512320312501 0.23038063281249999 0.559490546875 0.20804015156250003 0.5428499687499999 0.20752058984375 0.5334896476562501 0.17946512109374999 0.51892915625 0.147772840625 0.59221923203125 0.07919280625 0.57453862265625 0.06828234609375 0.58337892109375 0.0833491796875 0.59845944609375 0.06620417109375 0.63746078359375 0.1264714578125 0.6556614148437501 0.11660009765624998 0.6780221734375 0.106209175 0.7107832968750001 0.0875055296875 0.76538516875 0.1114046484375 0.77162538203125 0.1404991921875 0.7768255523437501 0.15089011484374998 0.81946703046875 0.13270600703125 0.83350751171875 0.15296828984375 0.86470858125 0.20449807890625 0.87178026328125 0.201805603125 0.83510000234375 0.21219650156249997 0.7862183109374999 0.18725830703125 0.776857990625
0 0.13686238046875 0.67597454765625 0.13426464375 0.7336965265625001 0.09633781484375001 0.7227761523437499 0.093740078125 0.738896696875 0.13010829375 0.74721697421875 0.15660512578125002 0.7477370078125001 0.1659569484375 0.76749766953125 0.19557105390625001 0.7565772953125001 0.18673876953125 0.7326564828125 0.15089011484374998 0.7227761523437499 0.19037558125 0.60317204453125 0.1444738640625 0.5981633875 0.13322556796875 0.6473735515625 0.15140965234374998 0.654653809375 0.13686238046875 0.67597454765625
0 0.03812390703125 0.5901041124999999 0.11448683515625 0.5717603578125 0.11570865078125 0.59071556171875 0.10165786406249999 0.5962186875000001 0.11486517578125 0.63046875 0.11653557031249999 0.63046875 0.17890625 0.6043087328125 0.17890625 0.380320625 0.00146970625 0.4953280390625 0.03812390703125 0.5901041124999999
0 0.7968377234374999 0.63358070625 0.8200174070312499 0.84921875 0.821196615625 0.84921875 0.99921875 0.76755115078125 0.99921875 0.76562476640625 0.8735134109375 0.5274471859375 0.7968377234374999 0.63358070625
0 0.0075005921875 0.15601255546874998 0.07994213515625001 0.16809535546875 0.10543705390625 0.07202708515625 0 0.037502565625 0.0075005921875 0.15601255546874998
0 0.11743463828125 0.28517854609375004 0.20591725234374997 0.21162627421875002 0.20591725234374997 0.15908895625 0.26440569921875 0.18911027578125 0.34089059140625 0.1786027984375 0.2794026453125 0.07502920703125 0.20591725234374997 0.08853880546875001 0.18342169531250002 0.14858147890625 0.12793261015625 0.11705908125 0.061504939843749995 0.17176382343750002 0.0709439125 0.20412095312499998 0.11593502578124999 0.2221337515625 0.08294149687499999 0.2596603921875 0.11743463828125 0.28517854609375004
0 0.33789109296875003 0.480317175 0.40987687343749996 0.53135348359375 0.32289414609375 0.51183957265625 0.3993790390625 0.5989014781249999 0.46986507031249997 0.52985237109375 0.48186265468749995 0.46830868828125 0.5088573226562499 0.39625749374999997 0.3022743203125 0.27527215546875 0.298898840625 0.31369878828125 0.345389703125 0.34822334140625 0.31089642500000003 0.41276918046875 0.33789109296875003 0.480317175
0 0.68447031640625 0.08772926328125 0.6980623710937499 0.03935805703125 0.68522545390625 0 0.59179640546875 0.0026436328125 0.5878157328125 0.0401138453125 0.6180203203125 0.07790387109375 0.645959496875 0.0522066734375 0.68447031640625 0.08772926328125
0 0.7709513015625 0.0672764609375 0.72588863203125 0.095339909375 0.7348960421874999 0.115625 0.7353749234375 0.115625 0.7772363679687501 0.10365368906250001 0.7709513015625 0.0672764609375
0 0.8245818140625 0.17310794140625002 0.80241415625 0.11251651874999999 0.7453125 0.1405998515625 0.7453125 0.1406396515625 0.78607099375 0.21240954453125 0.82835736171875 0.19275876015625 0.86777803046875 0.2359375 0.86865223515625 0.2359375 0.8796875 0.209428796875 0.8796875 0.209358846875 0.8457250328124999 0.156480346875 0.8245818140625 0.17310794140625002
0 0.11251139531250001 0.472458375 0.00084515 0.5484375 0.0009182046875 0.5484375 0.30617583359375 0.35587341171875 0.30703125 0.33771971875 0.30703125 0.3359838859375 0.10929436796875 0.4557147046875 0.11251139531250001 0.472458375
0 0.51492976171875 0.60142606484375 0.48209390390625 0.6175367203125 0.47050477734375 0.59498185 0.43831277890625 0.6065815070312499 0.40805230156250005 0.6078703390625 0.36233959765625 0.61367016796875 0.35976427499999997 0.639447203125 0.4022577390625 0.62720310078125 0.40612078046875 0.6471803078125 0.4209290890625 0.65620224453125 0.40097001875 0.6729572859374999 0.3636273171875 0.65491341328125 0.34173672578125 0.679401559375 0.30703125 0.70448940078125 0.30703125 0.72062466875 0.33272298046875004 0.71226725546875 0.35194312109375 0.7234375 0.35333449843750003 0.7234375 0.61015625 0.55442375859375 0.61015625 0.5542668523437501 0.59140144296875 0.5190722046875 0.51492976171875 0.60142606484375
0 0.710992415625 0.7115809046875 0.68857844140625 0.72689464609375 0.68395112109375 0.70642552109375 0.66141666875 0.7270471140625 0.64609375 0.77689185546875 0.64609375 0.77725377421875 0.6730057953124999 0.7650682234375 0.6807318796875 0.777312296875 0.689745684375 0.7747346046875 0.68781416328125 0.757979534375 0.69682790859375 0.75282415078125 0.731888840625 0.7828125 0.73256067421875 0.7828125 0.75078125 0.76583308359375 0.75078125 0.76537844375 0.7354583296875 0.7257582835937499 0.710992415625 0.7115809046875
0 0.22250326875 0.21265810625 0.23703121171875 0.23984375 0.23856374453125 0.23984375 0.2640625 0.22916016093749997 0.2640625 0.2277795984375 0.2417456203125 0.2041512328125 0.22250326875 0.21265810625
0 0.0041803921875 0.033620370312499995 0.04186125390625 0.046691403124999996 0.06341371484375 0.0039768109375 0.009974955468750001 0.00139908984375 0.00160503359375 0.016865299218749998 0.0041803921875 0.033620370312499995
0 0.22250868828125 0.01481244453125 0.25592199140625 0.03555364609375 0.26751111796875 0 0.22566148515625 0.00075467421875 0.22250868828125 0.01481244453125
0 0.82636456640625 0.0239539890625 0.7866696578125 0.0032200953125 0.77550115859375 0.041997890625 0.78966566640625 0.05295313203125 0.79996707265625 0.034909230468750004 0.82636456640625 0.0239539890625
0 0.8476112984374999 0.029753817187499997 0.9006610859374999 0.045725374218749996 0.9184337765624999 0.0046212265625 0.8785156351562501 0 0.8476112984374999 0.029753817187499997
0 0.85235963359375 0.0969249140625 0.8360221718749999 0.11417355625 0.870145690625 0.12963976640625 0.88109095703125 0.11030700390624999 0.85235963359375 0.0969249140625
0 0.9677604765625001 0.1106271015625 0.9819249851562499 0.09644972265625 0.9649275515625 0.0866186921875 0.9143216882812499 0.1009607203125 0.9252670140625 0.1215823140625 0.9123901671875 0.13253755546874998 0.9027325625 0.11900462187500001 0.88985583359375 0.12480445078124999 0.9053080015624999 0.1492926265625 0.9259108140625001 0.14413721328125 0.9381438601562501 0.1202934828125 0.9439384234375 0.13382641640624998 0.95779658359375 0.1609375 0.9586057421874999 0.1609375 0.98514416640625 0.12931541875000002 0.9677604765625001 0.1106271015625
0 0.94882427109375 0.3628941921875 0.9172761328125001 0.32938408046875 0.9108376507812499 0.37900481796875 0.9197161546875 0.4234375 0.9215868296874999 0.4234375 0.95783807578125 0.409292821875 0.996875 0.368329734375 0.996875 0.365043128125 0.9865500656249999 0.3373642609375 0.94882427109375 0.3628941921875
0 0.6390625 0.365758125 0.6390625 0.36679692890625 0.6517462609375 0.4328125 0.6518806796875001 0.4328125 0.68828125 0.40980177578125004 0.68828125 0.40914020390625006 0.6683129203125 0.3477422984375 0.6390625 0.365758125
1 0.62162333359375 0.1732414125 0.32610058046875 0.1751746890625 0.30678536953125 0.246705909375 0.3750324375 0.27634948359375 0.37052556484375 0.2963266765625 0.44372934218750004 0.363548934375 0.39177229687500004 0.46967712187500005 0.42525198515625 0.490298715625 0.4857729984375 0.39234607265625 0.62162333359375 0.1732414125
1 0.11556478359375 0.18371668515625 0.15226368437499999 0.11734084843749999 0.1773734578125 0.12314067734375 0.167072021875 0.15536195703125 0.19926402031249998 0.17211702812500002 0.2385383015625 0.06514238984375001 0.279744075 0.079964184375 0.3112922421875 0.11089660390625 0.31064841171875 0.1605173703125 0.38662156406250003 0.188227653125 0.5102389125 0.00392198046875 0.06504595156250001 0.006118182812499999 0.04860537734375 0.04709848828125 0.10655100937499999 0.07094221875 0.06792058749999999 0.16760603046875 0.11556478359375 0.18371668515625
1 0.10608181406249999 0.23034566328125 0.095780378125 0.243878596875 0.10930102500000001 0.272233325 0.084375 0.28182896953125003 0.084375 0.28234466328124996 0.10415029296875 0.33023161171875 0.12153398203125002 0.3637417234375 0.1807673046875 0.33732030078125 0.2052332484375 0.33860913203125 0.23277863671875001 0.39375 0.23328411718750003 0.39375 0.25234375 0.37917285546875 0.25234375 0.3785339453125 0.220041571875 0.290921671875 0.20330172734375 0.29349936328125004 0.16145209453125 0.2251902796875 0.13834839296874998 0.171875 0.13774256406250002 0.171875 0.0944926875 0.185880309375 0.10608181406249999 0.23034566328125
1 0.37116939531250004 0.5370652765624999 0.385333903125 0.5170880695312501 0.33125131328125 0.47842254453125 0.31193610234375 0.438468159375 0.35636108671875 0.34889303671875 0.39756686015625 0.326982553125 0.4117313375 0.30184996171875 0.38211469140625 0.2799395078125 0.34670348125 0.32633813749999996 0.30807306015624997 0.31409406484375 0.3112922421875 0.26769543515625 0.2668672578125 0.252229225 0.27394951171875 0.3057165140625 0.28618246875 0.33729337890625 0.25978503359375 0.35920383359375 0.23725061093750002 0.29153916484375003 0.1850995421875 0.4075357390625 0.13170195625 0.36161687578125 0.12264702265625001 0.40173591093749994 0.30936072109375 0.54093182890625 0.3293197921875 0.51515479296875 0.37116939531250004 0.5370652765624999
1 0.64415772578125 0.05319433515625001 0.63256859921875 0.0712382515625 0.57912986953125 0.03579484921875 0.5952258390625 0.0016403070312500001 0.5152154921875 0.006118182812499999 0.4233204640625 0.1537247140625 0.698240315625 0.1936790703125 0.73622687734375 0.07446038828125 0.64415772578125 0.05319433515625001
1 0.7266442 0.0671875 0.728240390625 0.0671875 0.77638969609375 0.05654746015624999 0.7828125 0.01344718828125 0.7828125 0.008126684375 0.69140276875 0.00177131015625 0.7266442 0.0671875
1 0.778720340625 0.70350366015625 0.7407337796875 0.76987949765625 0.7877341453125 0.7756793265625 0.830871409375 0.74345801640625 0.817994621875 0.7080146578125001 0.84439205703125 0.7080146578125001 0.8637072679687501 0.63970554453125 0.57897341015625 0.7258098304687499 0.6518838101562501 0.76214639296875 0.68471966875 0.70672576796875 0.73429535625 0.7202587015625 0.778720340625 0.70350366015625
1 0.67377440234375 0.73250280390625 0.70532253984375 0.68932628203125 0.8270083671874999 0.730569528125 0.9467626734374999 0.496643103125 0.966077884375 0.53015321484375 1 0.42768957421875 0.53357004453125 0.331669975 0.5005813070312499 0.375491115625 0.52375956015625 0.40577910546874996 0.45615632265625 0.59072919375 0.67377440234375 0.73250280390625
1 0.7891386453125 0.2148029140625 0.8084538562500001 0.2496018859375 0.5328901445312499 0.37462045546875 0.577412290625 0.43828125 0.5794719796875001 0.43828125 0.8953125 0.2750980046875 0.8953125 0.27403688671875004 0.82180121640625 0.20115405546875 0.7891386453125 0.2148029140625
0 0.63314820859375 0.195872209375 0.63572358984375 0.21713824843750001 0.609375 0.23193261640625 0.609375 0.23204770625 0.62764848203125 0.26484375 0.6296664 0.26484375 0.6692033078125 0.25000394375 0.656970321875 0.21069400312500003 0.68203125 0.20747813437499998 0.68203125 0.20734800625 0.672889840625 0.18416759062500002 0.63314820859375 0.195872209375
1 0.93307706875 0.11915788515625 0.9259947851562501 0.088225465625 0.9599069460937499 0.0682163984375 0.94788537734375 0.0482710953125 0.9362962507812499 0.056648615624999996 0.9195564210937499 0.0392491296875 0.8970219695312499 0.056004200000000004 0.86740535234375 0.0611595984375 0.8480901414062499 0.030227178124999997 0.79078831015625 0.053426492968749996 0.7457195249999999 0.01862752109375 0.70580138359375 0.02378291953125 0.7046875 0.1118570390625 0.7046875 0.125535734375 0.78885678984375 0.0933808640625 0.8190130867187501 0.21796875 0.8206105890625001 0.21796875 0.85710388671875 0.20744416171875 0.8261995499999999 0.11271362656249999 0.86096692890625 0.09660300078125 0.89187126640625 0.164912084375 0.9266386453125 0.15395687265625 0.93951543359375 0.184244846875 0.99921875 0.150832021875 0.99921875 0.15007039296875 0.9852281375 0.09660300078125 0.93307706875 0.11915788515625
1 0.783871103125 0.32896820859375 0.8186384820312499 0.23294884140625 0.73944611796875 0.20846066640625 0.7761450187500001 0.13241847734375 0.6815004859375 0.097619490625 0.6688141125 0.1935278203125 0.65832223359375 0.21941590781250003 0.6821442875 0.23230439687499999 0.679568965625 0.27354764296875 0.783871103125 0.32896820859375
0 0.7890625 0.2703823890625 0.7890625 0.27056929531249996 0.8197913039062501 0.3109375 0.8200093734375 0.3109375 0.8390625 0.30013090703125 0.8390625 0.29990861796875 0.8125435515625 0.261249434375 0.7890625 0.2703823890625
1 0.9332420265625 0.3979217671875 0.90491312890625 0.34507886328125 0.9647902820312501 0.35796735234375 0.9937630984375 0.32832379296875003 1 0.29868023359375 0.9647902820312501 0.27032550546875 0.99440689921875 0.20072756171875 0.9325982249999999 0.17881710703125 0.87078955078125 0.15110679453125 0.81284391875 0.2290822890625 0.87078955078125 0.2593702640625 0.88044715625 0.27225878203125 0.86950183125 0.29481368125 0.83786919765625 0.27660631874999997 0.79739175078125 0.30576889375 0.91907757734375 0.42434318906249996 0.9332420265625 0.3979217671875