2 0.271484375 1 0.994140625 0.99609375 0.998046875 0.1396484375 0.7490234375 0.5849609375 0.26171875 1 0.271484375 1
0 0.69736077734375 0 0.69443359375 0.11416015625 0.8328091609375001 0.3421875 0.83801700390625 0.3421875 0.99921875 0.3261615953125 0.99921875 0.159075928125 0.85947265625 0.15810546875 0.86142578125 0.00869140625 0.85361328125 0.00185546875 0.70517578125 0 0.69736077734375 0
0 0.705078125 0.4814453125 0.6826171875 0.568359375 0.6474609375 0.6201171875 0.6171875 0.609375 0.533203125 0.587890625 0.4970703125 0.6376953125 0.5654296875 0.6708984375 0.564453125 0.71484375 0.5126953125 0.75 0.423828125 0.8212890625 0.439453125 0.8359375 0.451171875 0.8369140625 0.771484375 0.5087890625 0.705078125 0.4814453125
1 0.2421875 0.96875 0.396484375 0.8525390625 0.3837890625 0.810546875 0.4677734375 0.7119140625 0.4423828125 0.6904296875 0.478515625 0.6298828125 0.173828125 0.515625 0.0478515625 0.798828125 0.00390625 0.9892578125 0 0.99609375 0.1044921875 1 0.1513671875 0.9208984375 0.1806640625 0.951171875 0.2421875 0.96875
1 0.2060546875 0 0.0048828125 0.0029296875 0.001953125 0.00390625 0.0068359375 0.34765625 0.0732421875 0.255859375 0.115234375 0.1787109375 0.2060546875 0
1 0 0.76953125 0.1162109375 0.4208984375 0.00390625 0.357421875 0 0.345703125 0 0.76953125
1 0.0105150796875 0 0.00390625 0.0405970984375 0.00390625 0.0421745453125 0.19501618125 0.41171875 0.19550107734375 0.41171875 0.30625 0.35537280703124996 0.30625 0.35494367734375 0.096484375 0.00078125 0.027734375 0 0.0105150796875 0
1 0.12412109375 0.0333984375 0.12509765625 0.0060546875 0.00009765625 0.001171875 0.0868942671875 0.28984375 0.08916645703125001 0.28984375 0.4203125 0.22981142656250003 0.4203125 0.2296875 0.20615234375 0.2296875 0.12412109375 0.0333984375
1 0.541015625 0.357421875 0.17578125 0.2587890625 0.0966796875 0.49609375 0.484375 0.623046875 0.484375 0.6279296875 0.615234375 0.4052734375 0.541015625 0.357421875
1 0.0068359375 0.873046875 0.1728515625 0.5185546875 0.095703125 0.49609375 0.09375 0.5009765625 0 0.748046875 0.0068359375 0.873046875
1 0.5517578125 0.2080078125 0.548828125 0.2109375 0.541015625 0.3115234375 0.685546875 0.365234375 0.6962890625 0.21484375 0.5517578125 0.2080078125
1 0.5421875 0.357499825 0.551953125 0.4248826375 0.678125 0.35500282968749997 0.678125 0.3522263875 0.6681509250000001 0.3223041625 0.5421875 0.357499825
1 0.57882899921875 0.6265625 0.58050340234375 0.6265625 0.69521484375 0.5966796875 0.59462890625 0.408203125 0.5884765625 0.4046875 0.58750623359375 0.4046875 0.52041015625 0.49609375 0.57882899921875 0.6265625