2 0.5437184109375 0.8996683335937499 0.52576233828125 0.8331706398437501 0.44675591328125003 0.8062121382812499 0.39155001953125 0.798366921875 0.40904827499999996 0.8655208421875 0.47907674609375006 0.9122488578124999 0.5437184109375 0.8996683335937499
2 0.4014488 0.8978570453125 0.28763453984375 0.99921875 0.45703125 0.99921875 0.45703125 0.9988517867187501 0.4014488 0.8978570453125
2 0.6555768765625001 0.88996807578125 0.62452049296875 0.9553824609375001 0.6622281304687501 0.9715575624999999 0.7178918421875 0.9428019367187501 0.6555768765625001 0.88996807578125
2 0.161255225 0.8978710453125001 0.18818925234375 0.8169955390625001 0.1361168546875 0.7792536359375 0.1361168546875 0.8080094265625 0.07364013046875 0.77411955703125 0.0481323109375 0.82058995078125 0.10918282734375 0.8924793445312501 0.161255225 0.8978710453125001
0 0.0649742171875 1 0.35307959843750003 0.98607005546875 0.34913697421875 0.6449347960937499 0.195066584375 0.7578213500000001 0.195066584375 0.78118543984375 0.29741588750000003 0.727268353125 0.320758765625 0.83510244375 0.20045338984375 0.92316677421875 0.16633706484375 0.7793881515625001 0.0047329015625 0.887222159375 0.06212365156250001 1 0.0649742171875 1
0 0.55754527265625 0.9990244875000001 0.35519794765625 0.8701926 0.19227609296874998 0.7708419570312499 0.4651686 1 0.55754527265625 0.9990244875000001
0 0.28041533125 0.7822029046875 0.28973771953125 0.7533619609375 0.335502296875 0.7660858953125 0.34482468515625003 0.72706584296875 0.30668753671875 0.7084040859375 0.2685503890625 0.71603844609375 0.25414304765625 0.760996321875 0.18549618203125 0.7151901578125 0.18549618203125 0.684652715625 0.13888408593749998 0.66005313515625 0.1346466515625 0.6812596796875 0.11176436249999999 0.66174963359375 0.146511515625 0.62018479453125 0.0922720296875 0.5904956015625 0.062609790625 0.635453515625 0.0007428749999999999 0.59897823125 0.0007428749999999999 0.6159434703125 0.45415117578124997 0.9179248578125 0.46601611796875 0.9018078875000001 0.345672203125 0.8186781703125 0.28041533125 0.7822029046875
0 0.7804696210937501 0.85040703359375 0.699110371875 0.8096904437499999 0.6330059828125 0.77406342734375 0.5923263578125 0.82495916484375 0.72029770234375 0.93862632421875 0.6660581773437501 0.9767981273437499 0.615208646875 0.9547432945312501 0.52452701015625 0.9055440953125 0.46455483593749997 0.9210562695312501 0.60927617578125 0.998004671875 0.72114514296875 1 0.7558923734375 0.9182680296875001 0.7804696210937501 0.85040703359375
0 0.55588416875 0.73648172265625 0.5728340640625 0.69915816875 0.59910626953125 0.70933731640625 0.605038740625 0.684737696875 0.6211411179687499 0.64911068125 0.66012570625 0.6643794023437499 0.6719906484375 0.6414763203125 0.63554845859375 0.6202697757812501 0.63978589375 0.59567015703125 0.6711431304687501 0.58803579609375 0.6965678953125 0.5184783015625001 0.66860065390625 0.50066479296875 0.6372434171875 0.49048564609375 0.625378553125 0.5227196257812501 0.58893636328125 0.5049060984375 0.584698928125 0.51932655078125 0.61181865234375 0.5566501046875 0.5821564515625 0.5795531859375 0.54910425703125 0.537988346875 0.5118146273437499 0.561739678125 0.48723730234374996 0.6558967921875001 0.45757510234375004 0.6431728578125 0.43723528984375 0.69322034609375 0.45588014374999997 0.7017029554687501 0.38953092421875 0.76973685390625 0.5626641578125 0.84845234453125 0.59402131640625 0.789922246875 0.55588416875 0.73648172265625
0 0.771393759375 0.6345784328125 0.77205541953125 0.69103989921875 0.8632402203125 0.72109146796875 0.869912284375 0.66766645625 0.771393759375 0.6345784328125
0 0.79603691796875 0.7331371265625 0.7230835734375 0.7857650671874999 0.7219714265625 0.8046864421875 0.723077371875 0.83125 0.72358412578125 0.83125 0.8053723234374999 0.80691245078125 0.79603691796875 0.7331371265625
0 0.85879224609375 0.9937815976562501 0.9110566085937499 0.9982337156250001 0.9121687546875 0.97263426484375 0.8932645062500001 0.968182146875 0.89882462734375 0.9247743249999999 0.9299608562499999 0.9481477671875 0.9433049835937499 0.8947227554687499 0.85148078359375 0.82311663515625 0.8276558140624999 0.83684562578125 0.79207161015625 0.87802743984375 0.8676881953125 0.9325655062499999 0.85879224609375 0.9937815976562501
0 0.1307584453125 0.5193374976562499 0.15969453203125 0.54765625 0.15970504531250002 0.54765625 0.1984375 0.5215992984375 0.1984375 0.520726975 0.180758315625 0.5012466492187501 0.1307584453125 0.5193374976562499
0 0.0010114406249999998 0.45142444218750005 0.02136621640625 0.41603928515625005 0.042435184375000004 0.4138947296875 0.04386360078125 0.408175921875 0.0299366484375 0.39959770234374997 0.04518587578125 0.357022021875 0.013509976562500001 0.3427669953125 0 0.36206798984375 0.0010114406249999998 0.45142444218750005
0 0.10001749374999999 0.48451003203125 0.03208466015625 0.39115826875000004 0.0015625 0.41401853125 0.0015625 0.41421535703125 0.035739253906250004 0.45269914375000003 0.031811149999999996 0.480220921875 0.05966505390625 0.47092786093749994 0.0728778140625 0.51489123828125 0.0582366375 0.52954568671875 0.06942164453125 0.5484375 0.07091953203125 0.5484375 0.115625 0.5338690046875 0.115625 0.51786471796875 0.11537286171875001 0.47950608125 0.10001749374999999 0.48451003203125
0 0.19038792890625 0.38327626796875 0.17277719296875 0.41818383984374996 0.20420208828125 0.42819177421875 0.21812903984375 0.3774372953125 0.19038792890625 0.38327626796875
0 0.24812555234375 0.38923234765625 0.23812673671875 0.4149670078125 0.2709800484375 0.42783433750000005 0.2738368484375 0.38565809453125 0.28919221640625004 0.36492740234375 0.27182967109375 0.34952080859375 0.2613383125 0.36314026718750003 0.2516965765625 0.35777888046875 0.24026934453124998 0.38279868281249996 0.24812555234375 0.38923234765625
0 0.0609344828125 0.175 0.0617250640625 0.175 0.07889105703125 0.15910700859375 0.0667766234375 0.140625 0.06640136015625 0.140625 0.04142144296875 0.1489589703125 0.0609344828125 0.175
0 0.25100218124999996 0.25653420390625004 0.2805370328125 0.25344567265625 0.25232463828124996 0.21814809453125 0.24835726640625003 0.19961686875 0.21650234453125 0.18078607421874998 0.20471617812499998 0.19961686875 0.24130414765625 0.22476638906250002 0.22587549375 0.23800297890625002 0.25100218124999996 0.25653420390625004
0 0.403309803125 0.15131167109375002 0.3329279015625 0.1822572484375 0.3461524734375 0.2157899359375 0.3972874734375 0.187551884375 0.40815756796875 0.2328125 0.4096337359375 0.2328125 0.4475408484375 0.2149074890625 0.403309803125 0.15131167109375002
0 0.037920978125 0.00154329453125 0.0385273578125 0.015244598437500001 0.06365404531249999 0.0134797171875 0.064535690625 0.00068435 0.037920978125 0.00154329453125
0 0.10263090234375001 0.11060585625 0.073603275 0.12989120859375 0.09822667578125 0.1515625 0.09942343046874999 0.1515625 0.10842797500000001 0.1219492546875 0.10263090234375001 0.11060585625
0 0.166896409375 0.12456601406250001 0.1549035953125 0.14319829374999998 0.1641607953125 0.14761050390625 0.1782670328125 0.13702123203125 0.166896409375 0.12456601406250001
0 0.23865923359375 0 0.20459692031249999 0.0008818828125000001 0.1870834015625 0.02671630625 0.22367137109375 0.0717207109375 0.239981690625 0.05274827265625 0.27833295078125003 0.08230998203124999 0.2968473515625 0.06024901328125 0.24394906249999998 0.022304116406249998 0.26070017421874997 0 0.23865923359375 0
0 0.36925415625 0.052438778906250004 0.36528678515625 0.07229366328125 0.33266618671875003 0.08950122968749999 0.35326139296875 0.1140625 0.35362947421875 0.1140625 0.37890625 0.09888265390624999 0.37890625 0.0839982734375 0.37683092265624996 0.051942361718749996 0.36925415625 0.052438778906250004
0 0.39309947421875 0.00286611953125 0.38236623984375 0.03245216484375 0.4048480125 0.03245216484375 0.42688899375 0.02362777578125 0.39309947421875 0.00286611953125
0 0.41732048125 0.12033123750000001 0.43531373359375003 0.1625 0.43609761953125004 0.1625 0.47265625 0.152713796875 0.47265625 0.15007719609375 0.46300255625000003 0.1133983609375 0.41732048125 0.12033123750000001
0 0.5121537179687501 0.00286611953125 0.49878218828125 0.008882356249999999 0.46219421796875004 0.02785481484375 0.49349235937499997 0.04594480703125 0.5121537179687501 0.00286611953125
0 0.5497361203125 0.12311477890625 0.53695238125 0.13193915859375 0.5290176382812499 0.10899574375000001 0.51270731875 0.12090867421875 0.53386663359375 0.14914672499999998 0.56340152578125 0.13193915859375 0.58885518125 0.0868904125 0.547972871875 0.10414232109374999 0.5497361203125 0.12311477890625
0 0.6107925468750001 0.22518508359374997 0.62578036875 0.22474387109375 0.6482621414062499 0.19827069140625 0.61334982578125 0.17483336171875 0.58302094453125 0.23268582421875 0.5993312234375 0.24195143671875 0.6107925468750001 0.22518508359374997
0 0.71505804765625 0.34153022499999997 0.6828782421875 0.37418046562499996 0.6740618734375 0.35476681484375 0.657310721875 0.37682778359375 0.61499208984375 0.35300192265625 0.6171962125 0.33711801484375 0.6418820671875001 0.32829363515625 0.6299799523437499 0.3049089875 0.6534372359375 0.29268647890625 0.66965366953125 0.28417165703124997 0.66171892578125 0.26917019531249997 0.6789108703125 0.26475800546875 0.67538433125 0.25284507500000003 0.643204525 0.26475800546875 0.64496781484375 0.27358238515625 0.6317432421875 0.27843580859375 0.6189594617187499 0.26652287734375 0.5916286921875 0.27843580859375 0.59780014609375 0.31020362343749996 0.57487758125 0.31373338671875 0.5779632875 0.29784947968750003 0.55371826484375 0.297408246875 0.5484284359375 0.32079289453125004 0.5140445476562501 0.33138216640625 0.523742540625 0.35520802734375 0.5532774328125 0.36403242734374996 0.57620003828125 0.428891715625 0.59030623515625 0.40991925703125 0.5867796960937499 0.39227047812500004 0.60000426875 0.39138803203125 0.6026491828125 0.40550708750000003 0.66039646875 0.39756513359375 0.6709761265624999 0.416096359375 0.68023332734375 0.4147727 0.6789108703125 0.39403535 0.6961028140625001 0.39094681875 0.6991885609375 0.40065364453125 0.7080049296875 0.39535900859375 0.7296875 0.37323120703125 0.7296875 0.3697358296875 0.7216703343749999 0.34285388359375 0.71505804765625 0.34153022499999997
0 0.76635179453125 0.136378565625 0.7501452890625 0.11958788671875001 0.72271070546875 0.14917393203125 0.7384607562500001 0.1640625 0.7386759031250001 0.1640625 0.750923140625 0.14961515546874998 0.76635179453125 0.136378565625
0 0.6358378499999999 0.08951115312499999 0.59673741953125 0.1226077703125 0.62627231171875 0.14378631328125 0.65404391328125 0.10098801406249999 0.6358378499999999 0.08951115312499999
0 0.796432875 0.30457209375 0.83302088515625 0.283834784375 0.77804153046875 0.2555256828125 0.7338365921875 0.323985765625 0.7492652468750001 0.33060406015625 0.781445053125 0.29927745859375 0.796432875 0.30457209375
0 0.78068504765625 0.3898764234375 0.75480085546875 0.4093711328125 0.77536283828125 0.44921875 0.77623310390625 0.44921875 0.8076991445312499 0.43584431171875 0.78068504765625 0.3898764234375
0 0.95635121171875 0.5281533765625 0.9496062921874999 0.511650821875 0.9136333109375 0.49439812656250004 0.999818503125 0.4763953265625 0.9871782796874999 0.44246543828125 0.95635121171875 0.46589371640625005 0.94061306328125 0.42538741640625 0.9031413039062499 0.45239161640625003 0.90174399609375 0.5266531671875 0.9342971484374999 0.55859375 0.9356946390624999 0.55859375 0.9705905125 0.5484065273437501 0.95635121171875 0.5281533765625
0 0.9719134851562499 0.5637323125 0.9274063281249999 0.6118804109375 0.9956049960937501 0.63813447109375 1 0.5833759656249999 0.9719134851562499 0.5637323125
1 0.5472501796875 0 0.4135868734375 0.001344565625 0 0.30514181640625 0.0006477796875 0.36815161640625 0.44281486406250004 0.0493520375 0.52450337421875 0.149867665625 0.6099390390625 0.10861126015625 0.6743905171875 0.25863460546875 0.7785620625 0.19637491093749998 0.89086723359375 0.4234375 0.8912887859374999 0.4234375 1 0.34564811640625004 0.9973762515625 0.0035620671875000003 0.9614243859375 0.0043450375 0.9531805820312499 0.035099815625 0.8894785625000001 0.032849465625000004 0.8894785625000001 0 0.8856044171875 0 0.8107878187500001 0.0035949156250000003 0.804792321875 0.08460751562499999 0.6938758554687501 0.08160706015625 0.7133611601562501 0.005845265625 0.6352516640625 0 0.6330963148437501 0 0.61068849765625 0.046351565625 0.5544808234375 0.0516023875 0.5626998000000001 0 0.5472501796875 0
1 0.16822799453124998 0.61987361328125 0.16972687734375 0.6753822234375 0.25291423515625 0.75256627890625 0.26040858046875004 0.73681382890625 0.28963657109374996 0.70380871796875 0.3518397421875 0.7345634789062501 0.30312641328125 0.7998236289062499 0.3458442453125 0.82907817890625 0.368327315625 0.76156767890625 0.43352825234375 0.75556676796875 0.48074269843749995 0.63404783359375 0.52420992109375 0.52678113828125 0.584914209375 0.5672874382812501 0.60290066484375 0.556785828125 0.58116705390625 0.5185298781250001 0.63212865546875 0.5147792828125 0.65461172578125 0.42176482734375 0.21289889999999997 0.20952550625000002 0.01159593046875 0.60487130234375 0.0355778828125 0.6191234734375 0.09028667421875 0.55986426796875 0.16822799453124998 0.61987361328125
1 0.62015648515625 0.7202219109375 0.57385250234375 0.70204163671875 0.56020158671875 0.74122520078125 0.6066666429687501 0.77573055625 0.62015648515625 0.7202219109375
1 0.5751903453125 0.9032504007812501 0.60516772578125 0.852242490625 0.5783503664062499 0.84147542734375 0.54071628203125 0.9002499117187501 0.617908178125 0.9512578906250001 0.61865756796875 0.935505440625 0.5751903453125 0.9032504007812501
1 0.87348259296875 0.93089978125 0.7762563921875001 0.8909519335937499 0.7573200890625 0.9098965265625001 0.84875121640625 0.9519030367187501 0.87348259296875 0.93089978125
1 0.756016003125 0.9269348468749999 0.7393336328125 0.95340328203125 0.8187737671875001 0.99465968671875 0.84875121640625 0.9691557320312499 0.756016003125 0.9269348468749999
1 0.7234375 0.99173519921875 0.7234375 0.9917592781250001 0.77527852890625 0.996875 0.77649672734375 0.996875 0.75861849921875 0.9752525335937501 0.7234375 0.99173519921875
1 0.94829969765625 0.8909519335937499 0.9671620273437499 0.85288763671875 0.87947805546875 0.8093808812500001 0.898963428125 0.8671398765625 0.94829969765625 0.8909519335937499
1 0.90332105546875 0.9629177609375 0.92219588828125 0.9669053820312501 0.9334374226562501 0.9444018812499999 0.9049588906249999 0.93615058671875 0.90332105546875 0.9629177609375
1 0.9978889351562501 0.730675346875 0.9724081 0.7141727921875 0.9604171062500001 0.7471779023437499 0.9246859109375001 0.729028821875 0.91020496328125 0.7974357421875 0.9776541726562501 0.83944225234375 0.9978889351562501 0.730675346875
1 0.76256609296875 0.6943903859375 0.79853900390625 0.569120925 0.834511915625 0.4543530578125 0.75057516796875 0.44085095703125 0.6606428890625 0.596125125 0.69436749375 0.636631425 0.6224216703125001 0.7619008859374999 0.66588889296875 0.7821540359375 0.715535225 0.8111148437500001 0.7280920984375 0.74014752578125 0.8150266117187501 0.7934057859375 0.840507446875 0.7506491359374999 0.76256609296875 0.6943903859375
1 0.80625 0.66589836875 0.80625 0.66684398046875 0.856278103125 0.8234375 0.8576578445312499 0.8234375 0.921875 0.8138159828125 0.921875 0.8130940546875 0.8561933914062501 0.6464997109375 0.80625 0.66589836875
1 0.9063388265625001 0.45741694140625 0.89659613984375 0.44466494687499997 0.85537715625 0.45066589140625 0.88235683984375 0.50917499140625 0.86961645625 0.5294281414062499 0.8673681492187499 0.55343188671875 0.84263677265625 0.52717779140625 0.79467286796875 0.5601829367187501 0.79617178515625 0.5901875921874999 0.7699414906250001 0.54218013671875 0.71823043046875 0.5669339867187501 0.77518756328125 0.62319273671875 0.74146295859375 0.63819504765625 0.7227270445312499 0.6149414421875 0.6913879890625 0.6531973921875001 0.69360313203125 0.71875 0.69420043125 0.71875 0.8276480828125001 0.6606985476562499 0.8995939054687501 0.615691546875 0.9273229796875 0.65469763671875 0.99921875 0.616120540625 0.99921875 0.61347854453125 0.93931397265625 0.44766541875000004 0.9063388265625001 0.45741694140625
1 0.82106281875 0.00203785546875 0.59221843125 0.0030125765625 0.6424057296875 0.11796875 0.6443777140625 0.11796875 0.8111277031249999 0.0048566046875 0.82106281875 0.00203785546875
1 0.8583486265625 0.11953125 0.85953874296875 0.11953125 0.89935357265625 0.105298746875 0.9139606648437499 0.03901973984375 0.996875 0.04577469453125 0.996875 0.0048005687499999995 0.82729194609375 0.00490553828125 0.8583486265625 0.11953125
1 0.76102866796875 0.0729317828125 0.79413801796875 0.11484348359375 0.8329288789062501 0.146875 0.8333524664062499 0.146875 0.89375 0.1161689953125 0.89375 0.11501996015625 0.8513394796875 0.0659649015625 0.76102866796875 0.0729317828125
1 0.990818109375 0.13558432265625 0.95283966953125 0.20771147578125002 0.862545103125 0.15682638203125 0.842799603125 0.17554667109375 0.9947133640624999 0.2915348765625 0.990818109375 0.13558432265625
0 0.92167790234375 0.16579973046875002 0.9180674874999999 0.0983817671875 0.82040209140625 0.14825529140625 0.8447471859375 0.159951584375 0.8914898812500001 0.159951584375 0.92167790234375 0.16579973046875002