1 0.655252690625 0.00250645859375 0.1004891703125 0.00207245546875 0.00021606015625 0.41494771328124996 0.59799609609375 0.43984375 0.6109672828125 0.43984375 0.6527398609375 0.27133898125 0.655252690625 0.00250645859375
1 0.33372542734375 0.46677676796874995 0.33522201875 0.4204031203125 0.25889471328125 0.4144193984375 0.246921753125 0.4443378953125 0.13168238515625 0.43685827109375 0.05086530546875 0.75997806796875 0.73768625546875 0.7703125 0.74609375 0.7703125 0.74609375 0.44358542187500005 0.33372542734375 0.46677676796874995
1 0.79758928203125 0.9966012734374999 0.7437110765625 0.7796921734375 0.04715114296875 0.79558256328125 0.04479214140625 0.91133360390625 0.00288701015625 0.9831380414062499 0.00288701015625 1 0.79758928203125 0.9966012734374999
1 0.6713566703125 0.079704125 0.8504452671875 0.1078125 0.8525317445312499 0.1078125 0.87734375 0.015725303906249998 0.87734375 0.01165464609375 0.63094813046875 0.00010473046875 0.6713566703125 0.079704125
1 0.67486672890625 0.19777745 0.78112643359375 0.57774237890625 0.9876592499999999 0.52388905078125 1 0.0661360765625 0.95024389296875 0.08558308828125 0.9322845671875 0.00031536093750000004 0.8984918429687501 0.01534284453125 0.8993588703125001 0.06763197890625 0.85895033046875 0.13494859609375 0.67486672890625 0.19777745
1 0.9966387984375 0.5508157437500001 0.78435605625 0.60473256015625 0.8469773703125 1 0.99514232109375 0.99809728984375 0.9966387984375 0.5508157437500001
0 1 0 0.941526646875 0.009729609375 0.9487471875000001 0.0825912265625 1 0.0661360765625 1 0
0 0.6506698656250001 0.15864678046875 0.6198602867187499 0.1639517390625 0.6728770374999999 0.39930912734375 0.70443466328125 0.388794734375 0.6506698656250001 0.15864678046875
0 0.7296875 0.82583298359375 0.7296875 0.8270492687500001 0.75281452734375 0.8351400531250001 0.8046875 0.6296825671875 0.8046875 0.6285244125 0.777359446875 0.6096650953125 0.7296875 0.82583298359375
0 0.72214746796875 0.34806866406250003 0.7266420140625 0.38295341562499996 0.81663975390625 0.36776599453125003 0.81079574296875 0.33739117421875 0.72214746796875 0.34806866406250003
2 0.00017315703125 0.56369214140625 0.0051468984375 0.7816079664062501 0.010120640625 0.910507528125 0.0484375 0.9643393554687499 0.0484375 0.90683400703125 0.0325025734375 0.87570731171875 0.01841023125 0.57079091484375 0.04676559609375 0.35557264765625 0.0484375 0.30221231796875003 0.0484375 0.28453393203125 0.017581284375 0.372290825 0.00017315703125 0.56369214140625