1 0.55141688203125 0.16095760703125 0.554601934375 0.00525016015625 0.00008556484375 0.00002340234375 0.01053464375 0.26796875 0.01127760546875 0.26796875 0.18952402968749998 0.2510626546875 0.55141688203125 0.16095760703125
1 0.9616056921875 0 0.5517318859375 0.00214231875 0.5507753375 0.21238741953125 0.76076743359375 0.221528521875 0.75292852109375 0.26853983359375 0.9419571437500001 0.26953125 0.99921875 0.26953125 0.99921875 0.24324602343750001 0.9920176726562501 0 0.9616056921875 0
1 0 0.36905180078125 0.08209759375 0.38046875 0.084375 0.38046875 0.084375 0.377690540625 0.08085065 0.219151846875 0.01430225859375 0.238455171875 0 0.3684150953125 0 0.36905180078125
1 0.3783231796875 0.60546875 0.3793041546875 0.60546875 0.425 0.36440690859374997 0.425 0.36141447421875 0.283900884375 0.34445753749999997 0.30480441953125 0.25043486484375 0.17218980390625 0.24921875 0.16238225625 0.24921875 0.10491413671875001 0.558620240625 0.3783231796875 0.60546875
1 0.43462460312499995 0.31078425703125 0.3954305375 0.51319415625 0.643095125 0.55703125 0.64636210078125 0.55703125 0.6787882125 0.3519603359375 0.43462460312499995 0.31078425703125
1 0.6406043 0.27652808125 0.69463559453125 0.50244967265625 0.94809111640625 0.44890890937499994 0.9428653078125 0.217769853125 0.6406043 0.27652808125
1 0.8827675078125001 0.5740313203125 0.0101268109375 0.761473071875 0 1 0.9102035031250001 0.9997450742187499 0.8827675078125001 0.5740313203125
0 0 0.99609375 0.0344823875 0.99609375 0.0871835921875 0.9945149546875 0.101554865625 0.58055405390625 0.995181853125 0.7568465468750001 0.9931399125 0.70103208359375 1 0.65890627265625 0 0.4551905234375 0 0.99609375
0 0.07924074296875 0.22376527031250001 0.06878892578125 0.31778794296875 0.20135011875000003 0.3515625 0.20208735312499998 0.3515625 0.22808607421875 0.23036646953125 0.07924074296875 0.22376527031250001
0 0 0.46169414375000006 0.06326433828125 0.46328125 0.10379994140625 0.46328125 0.08734792421875 0.38252703515625003 0.011656338281250001 0.37942181640625 0 0.46097840390625 0 0.46169414375000006
0 0.37926648046875 0.264931215625 0.39284044218749997 0.3350284046875 0.5548430117187501 0.304993396875 0.5548430117187501 0.27495833984375 0.37926648046875 0.264931215625