2 0.0297321484375 1 0.0231880296875 0.793814609375 0.0755407328125 0.7889087499999999 0.0902649703125 0.72186271015625 0.0902649703125 0.6678989414062501 0.1246214390625 0.57959421875 0.1180774453125 0.0023439671874999997 0 0.00040907499999999996 0 1 0.0297321484375 1
0 0.13443768046875 0.57795909921875 0.08208485234375 0.65318136328125 0.09680908906249999 0.7316743671875 0.140981675 0.633558175 0.20642261640625 0.64336989375 0.1949705015625 0.08574279921875 0.17861026640625 0 0.123131175 0.00449981328125 0.13443768046875 0.57795909921875
0 0.47800262421874995 0.97205905 0.6301527390625 0.9802354 0.64160497890625 0.6597225921875001 0.48311611484375006 0.65697251640625 0.47800262421874995 0.97205905
0 0.42728579453125004 0.4585842859375 0.3209442640625 0.42751413359374996 0.30622015234375 0.47984278203124997 0.4649143859375 0.492924928125 0.5058149750000001 0.36046809375 0.7070457953125 0.36537389062500003 0.74140238984375 0.26071659453125 0.64160497890625 0.25417555234375 0.62033662265625 0.31795103984375 0.58925215 0.31795103984375 0.5876161515625 0.2329170875 0.50090685390625 0.22964647265625 0.48454661874999994 0.31140999765625 0.44016336640625 0.3235773734375 0.44201003125 0.41116143515625003 0.42728579453125004 0.4585842859375
0 0.8035713343750001 0.49619548046875 0.9557215734375 0.48801913125 0.9769896796875001 0.3719149953125 0.8656001132812501 0.31335052890625004 0.8035713343750001 0.49619548046875
0 0.7626707453125 0.8494138101562501 0.81338732578125 0.8494138101562501 0.810115328125 0.53707735234375 0.7592409265625 0.5506133296875 0.7626707453125 0.8494138101562501
0 0.8591960343749999 0 0.86246803203125 0.27216349609375 0.9099128640625 0.18385899140625 0.9085528617187499 0.02086276484375 0.91809298203125 0.033414119531249994 0.91645685859375 0 0.8591960343749999 0
1 0.2931319140625 0.48801913125 0.30294803046875 0.41770253906250004 0.392929325 0.42751413359374996 0.4158336796875 0.45040793671875 0.45837026718749996 0.3948087359375 0.44855415078125 0.3032336484375 0.5385354453125 0.2852456421875 0.54017144375 0.2214701234375 0.59252427265625 0.22310539999999998 0.59252427265625 0.3032336484375 0.64160497890625 0.291786746875 0.64324097734375 0.2492697546875 0.7250421539062499 0.25417555234375 0.72340603046875 0 0.19676445781250002 0.014726657812499998 0.221146853125 0.48801913125 0.2931319140625 0.48801913125
0 0.515631090625 0.15605932890625002 0.5287193289062501 0.10373071171875 0.49436285937499996 0.000708721875 0.44220873515625003 0.016772027343750003 0.45182614765625007 0.1119070609375 0.515631090625 0.15605932890625002
1 0.46982250625 0.48311333437500004 0.7250421539062499 0.4765722296875 0.7250421539062499 0.37027968828125 0.50970591171875 0.37062086015625 0.46982250625 0.48311333437500004
1 0.86574027890625 0.31304524296874997 0.9769896796875001 0.37518548515625 0.9688095625 0.4945602359375 0.9966221617187501 0.492924928125 0.999894159375 0 0.92491581328125 0.0106359203125 0.9115487382812499 0.210023253125 0.86574027890625 0.31304524296874997
1 0.9966221617187501 1 0.999894159375 0.5223598359375 0.9099128640625 0.52563032578125 0.8267381023437499 0.5751577578125 0.8199315695312499 1 0.9966221617187501 1
1 0.06408861796875 0.8134377976562501 0.03791226640625 0.9998585882812501 0.20969473828125001 0.9965880984375 0.21951085468749998 0.64009921640625 0.15585707890625 0.6344734578125 0.06408861796875 0.8134377976562501
1 0.21951085468749998 0.9949528531249999 0.76757886640625 0.9998585882812501 0.75121863046875 0.55997103046875 0.7103180421874999 0.5190892835937501 0.6366968578125001 0.520724653125 0.6317887375 0.9786001546875 0.47800262421874995 0.9736942953125001 0.49927085546875 0.7169570375000001 0.38147721015624997 0.71041580859375 0.3847492078125 0.50927762734375 0.22335425468749998 0.50766058125 0.21951085468749998 0.9949528531249999