2 0.271484375 1 0.994140625 0.99609375 0.998046875 0.1396484375 0.7490234375 0.5849609375 0.26171875 1 0.271484375 1
0 0.6943359375 0.1591796875 0.6943359375 0.326171875 0.861328125 0.3427734375 1 0.1142578125 0.9970703125 0 0.8408203125 0.001953125 0.8330078125 0.0087890625 0.8349609375 0.158203125 0.6943359375 0.1591796875
0 0.451171875 0.8369140625 0.771484375 0.5087890625 0.705078125 0.4814453125 0.6826171875 0.568359375 0.6474609375 0.6201171875 0.6171875 0.609375 0.533203125 0.587890625 0.4970703125 0.6376953125 0.5654296875 0.6708984375 0.564453125 0.71484375 0.5126953125 0.75 0.423828125 0.8212890625 0.439453125 0.8359375 0.451171875 0.8369140625
1 0.1513671875 0.9208984375 0.1806640625 0.951171875 0.2421875 0.96875 0.396484375 0.8525390625 0.3837890625 0.810546875 0.4677734375 0.7119140625 0.4423828125 0.6904296875 0.478515625 0.6298828125 0.173828125 0.515625 0.0478515625 0.798828125 0.00390625 0.9892578125 0 0.99609375 0.1044921875 1 0.1513671875 0.9208984375
1 0.0732421875 0.255859375 0.115234375 0.1787109375 0.2060546875 0 0.0048828125 0.0029296875 0.001953125 0.00390625 0.0068359375 0.34765625 0.0732421875 0.255859375
1 0 0.76953125 0.1162109375 0.4208984375 0.00390625 0.357421875 0 0.345703125 0 0.76953125
1 0.2998046875 0 0.2138671875 0.0009765625 0.00390625 0.35546875 0.115234375 0.412109375 0.306640625 0.0419921875 0.2998046875 0
1 0.333984375 0.2900390625 0.4208984375 0.0009765625 0.2958984375 0.005859375 0.296875 0.033203125 0.21484375 0.2294921875 0 0.2294921875 0.333984375 0.2900390625
1 0.484375 0.6279296875 0.615234375 0.4052734375 0.541015625 0.357421875 0.17578125 0.2587890625 0.0966796875 0.49609375 0.484375 0.623046875 0.484375 0.6279296875
1 0.09375 0.5009765625 0 0.748046875 0.0068359375 0.873046875 0.1728515625 0.5185546875 0.095703125 0.49609375 0.09375 0.5009765625
1 0.685546875 0.365234375 0.6962890625 0.21484375 0.5517578125 0.2080078125 0.548828125 0.2109375 0.541015625 0.3115234375 0.685546875 0.365234375
1 0.5527475125 0.3222262125 0.5419921875 0.3544921875 0.6689453125 0.4248046875 0.6787109375 0.357421875 0.5527475125 0.3222262125
1 0.63671875 0.626953125 0.6953125 0.49609375 0.6279296875 0.404296875 0.62109375 0.408203125 0.5205078125 0.5966796875 0.63671875 0.626953125