1 0.00288701015625 0.27107781796874997 0.04479214140625 0.44011728359375 0.65541081171875 0.41468655 0.55513770078125 0.0018112921875 0.00037418125 0.0022452953125000003 0.00288701015625 0.27107781796874997
1 0.74670426015625 0.76024521953125 0.6658871804687501 0.43712542265625 0.5506478125000001 0.444605046875 0.53867485234375 0.41468655 0.46234754687499996 0.420670271875 0.46384413828125004 0.46704391875000006 0.050893299999999995 0.4438198125 0.05077862109375 0.7707166476562499 0.74670426015625 0.76024521953125
1 0.00288701015625 0.9831380414062499 0.00288701015625 1 0.79758928203125 0.9966012734374999 0.7437110765625 0.7796921734375 0.04715114296875 0.79558256328125 0.04479214140625 0.91133360390625 0.00288701015625 0.9831380414062499
1 0.837997821875 0.07959939453125 0.8784063617187501 0 0.63092762265625 0.0116006875 0.656907403125 0.10802196015625001 0.837997821875 0.07959939453125
1 0.8993588703125001 0.06763197890625 0.85895033046875 0.13494859609375 0.67486672890625 0.19777745 0.78112643359375 0.57774237890625 0.9876592499999999 0.52388905078125 1 0.0661360765625 0.95024389296875 0.08558308828125 0.9322845671875 0.00031536093750000004 0.8984918429687501 0.01534284453125 0.8993588703125001 0.06763197890625
1 0.8469773703125 1 0.99514232109375 0.99809728984375 0.9966387984375 0.5508157437500001 0.78435605625 0.60473256015625 0.8469773703125 1
0 1 0 0.941526646875 0.009729609375 0.9487471875000001 0.0825912265625 1 0.0661360765625 1 0
0 0.6728770374999999 0.39930912734375 0.70443466328125 0.388794734375 0.6506698656250001 0.15864678046875 0.6198602867187499 0.1639517390625 0.6728770374999999 0.39930912734375
0 0.7815756859375 0.83507157890625 0.8049517312500001 0.826893678125 0.75703076640625 0.6095966203125001 0.72945369453125 0.6286277874999999 0.7815756859375 0.83507157890625
0 0.81663975390625 0.36776599453125003 0.81079574296875 0.33739117421875 0.72214746796875 0.34806866406250003 0.7266420140625 0.38295341562499996 0.81663975390625 0.36776599453125003
2 0 0.9653035093750001 0.03892495234375 0.9106173648437499 0.04389869453125 0.781717803125 0.0488724359375 0.563801978125 0.031464308593750004 0.37240066171874997 0 0.28291431640625003 0.002279996875 0.355682484375 0.030635361718749997 0.5709007515625 0.01654301953125 0.8758171484374999 0 0.90813167109375 0 0.9653035093750001