1 0.999426734375 0.8444018726562501 0.9976910531250001 0.00011986640625000001 0.5711805421875 0 0.35203723984375 0.281547228125 0.3624510109375 0.66894407109375 0.42146243359374996 0.56123729140625 0.999426734375 0.8444018726562501
1 0.8294056445312499 0.7070757624999999 0.9999566039062501 0.61536457890625 0.87453193359375 0.68101767734375 0.86238263984375 0.63237594453125 0.40707464609375005 0.8304174726562501 0.40707464609375005 0.9971892195312501 0.5057813359375001 0.99921875 0.53948313359375 0.99921875 0.52219939453125 0.8338918312500001 0.8294056445312499 0.7070757624999999
1 0.81545005703125 1 0.8050362859375 0.97469229921875 0.5932896585937499 0.9069412773437501 0.7321398875 0.78012520859375 0.58634709140625 0.7123741867187501 0.5360139171875 0.769701975 0.47526697109375 0.7262718593749999 0.51518637421875 0.6897905398437499 0.43576387578125003 0.6388888859375 0.38154303046875004 0.6897905398437499 0.41451986640625 0.75754156171875 0.46138183671875 0.73843227265625 0.49783003593749997 0.769701975 0.46311751875 0.8357158968749999 0.46138183671875 0.8826204507812501 0.52039326015625 1 0.81545005703125 1
0 0.633687915625 1 0.7222001476562501 0.94516284375 0.88046875 0.904758146875 0.88046875 0.903467334375 0.77253348046875 0.78360271484375 0.61806243515625 0.8357188851562499 0.64583254453125 0.91563024140625 0.6076486640625001 0.93821396796875 0.6336818328125 1 0.633687915625 1
0 0.3884854390625 0.68457892265625 0.43361188671875006 0.63767436875 0.51865757890625 0.6758928671875 0.55510577734375 0.6289883140625 0.44055429453125 0.5282304101562499 0.36071548828125 0.651572040625 0.3884854390625 0.68457892265625
0 0.5243055421875 0.69097221875 0.49088762812500003 0.72279742109375 0.5290713499999999 0.7679647953125001 0.5776690015625 0.715848625 0.5243055421875 0.69097221875
0 0.51518637421875 0.00185708515625 0.181945696875 0 0.017060959375 0.35277260859375004 0 0.5004351453125 0.03268161640625 0.7731764921875001 0.1489687015625 0.993801509375 0.4461805421875 0.98524305234375 0.35377292109375 0.8513507484374999 0.27914084140625 0.4865374734375 0.33468106015625 0.22248218203125 0.51518637421875 0.00185708515625
0 0.0899574375 1 0.0008680421875 0.83159721875 0 1 0.0899574375 1
0 0.11420310156249999 0.12578125 0.11438111015625001 0.12578125 0.1171875 0.02414610703125 0.1171875 0.00022320078124999997 0.00012068125 0.00022320078124999997 0.11420310156249999 0.12578125
2 0.1628538359375 1 0.02573912890625 0.75232994453125 0.0086805421875 0.58940971875 0.008382790625 0.8478762312500001 0.10731361640624999 1 0.1628538359375 1
2 6.0703125e-7 0.000173609375 0.17908226249999998 0.3625 0.1793651609375 0.3625 0.18984375 0.14828024921875 0.18984375 0.13144486015625 0.07289700546875 0.000173609375 6.0703125e-7 0.000173609375