0 0.30527945859375 0.3684113015625 0.3191644328125 0.4465855578125 0.4163597375 0.51086222109375 0.50390625 0.4043363875 0.50390625 0.40220192499999996 0.40553818515625 0.30555939374999996 0.30527945859375 0.3684113015625
0 0.60387493828125 0.32158277421875 0.65767931640625 0.338954884375 0.68984375 0.31015005 0.68984375 0.305558021875 0.678908365625 0.25355208671875 0.60387493828125 0.32158277421875
0 0.652982271875 0.40872927109374996 0.65067739921875 0.83359375 0.65327763671875 0.83359375 0.99921875 0.7338430984375 0.99921875 0.7303394773437499 0.8815761164062501 0.30071327187499997 0.652982271875 0.40872927109374996
0 0.51688117421875 0.795038428125 0.45221518906249997 0.8251922054687499 0.44879606015625007 0.86796875 0.45723150234375 0.86796875 0.51643333984375 0.8634106242187499 0.51688117421875 0.795038428125
0 0.21440970859375003 0.12847221874999998 0.195830671875 0.17210326953125 0.251370890625 0.18947529999999999 0.2565777765625 0.16689165234375 0.21440970859375003 0.12847221874999998
0 0.34674623984375 0.11834950390625001 0.34674623984375 0.1583052609375 0.3 0.21375858359375002 0.3 0.21422407031250001 0.3101359890625 0.24296875 0.31098675937500003 0.24296875 0.40390625 0.1809661328125 0.40390625 0.10625 0.40373509687500003 0.10625 0.34674623984375 0.11834950390625001
1 0.82238744375 1 0.8272980257812501 0 0.433606546875 0.5872953773437499 0.181940515625 0.60987910390625 0.19756117265625 0.7280090382812501 0.0031707242187499996 0.7922857015625 0.0031707242187499996 0.8617739828125 0.13507854531250002 0.82008104609375 0.44228479531250003 0.78012520859375 0.54989371171875 0.79402296015625 0.6783301703125 0.8930436851562501 0.7859392445312501 1 0.82238744375 1
1 0.0140625 0.002344578125 0.0607377359375 0.11135242734374999 0.13016277109375002 0.08529434218750001 0.13016277109375002 0.15999416015625 0.2204155078125 0.12351284062500001 0.23948383906249998 0.2484375 0.23960944843749998 0.2484375 0.40390625 0.000333371875 0.40390625 0.00005227265625 0.0140625 0.0019075796874999998 0.0140625 0.002344578125
1 0.3168795078125 0.1875622703125 0.19885666171875 0.24662723749999999 0.1936497765625 0.30221784609375 0.31279710859375 0.409375 0.31373128203125 0.409375 0.4015625 0.26000378984375 0.4015625 0.238226521875 0.39845399609375 0.16671580156250002 0.3168795078125 0.1875622703125
1 0.62105976796875 0.24680308828125003 0.9976910531250001 0.389253928125 0.9890129632812499 0.00185708515625 0.40063489140625 0.00533148359375 0.35897980703125 0.11651266093749998 0.36765789609375 0.15820559765625 0.41278434375 0.18773812109375002 0.4162555484375 0.30413087578125003 0.51345069296875 0.356247046875 0.5047726031249999 0.46047938828125 0.3884854390625 0.5073839421875 0.56204834453125 0.6081418453125 0.6037034296875 0.31455411015625 0.62105976796875 0.24680308828125003
0 0.49435883203125003 0.5647117296874999 0.4383680421875 0.55555555234375 0.44576118046874996 0.59076981484375 0.48394506093749995 0.602930228125 0.49435883203125003 0.5647117296874999
1 0.624530971875 0.7262718593749999 0.65577228515625 0.7210602421875 0.7737949726562501 0.30065643828125 0.6974273703125 0.281547228125 0.6974273703125 0.3267145234375 0.6076388757812501 0.32118055234375 0.5672552304687499 0.5872953773437499 0.64882971875 0.60640466640625 0.624530971875 0.7262718593749999
1 0.35377292109375 0.807920553125 0.22186509999999998 0.8565623656250001 0.0868055421875 0.98524305234375 0.45096806562499997 1 0.44749686171874997 0.8027089359374999 0.35377292109375 0.807920553125
1 1 1 0.9942198492187501 0.9069412773437501 0.52690970859375 0.8107638859374999 0.5256001453125 0.8843575507812499 0.44749686171874997 0.8721972164062499 0.44923254296875 0.9972760265625 1 1
1 0.9942198492187501 0.8843575507812499 0.9930555421875 0.83680555234375 0.8275995101562501 0.79749731875 0.8275995101562501 0.8635110820312499 0.9942198492187501 0.8843575507812499