2 0 0.21032176875 0.0708654171875 0.24854026718750002 0.0847505515625 0.16689165234375 0.13508372578125 0.16515439375000002 0.1368194078125 0.10956386484375 0.38674991640625 0.21205894765625 0.46832440390625 0.40141442109375003 0.5377495984375 0.4517933328125 0.9942198492187501 0.6428859859375 1 0.39793998359375 0.6870135992187499 0.08524295859375 0.51345069296875 0.05049881796875 0.45617495156250004 0.00533148359375 0.0031759046875000003 0.01054310078125 0.00607637578125 0.0529513859375 0 0.21032176875
0 0.70610546015625 0.08176852109375 0.638415946875 0.00011986640625000001 0.48263887578125003 0.00347221875 0.70610546015625 0.08176852109375
1 0.73561125078125 0.0921917546875 0.77553065390625 0.08176852109375 0.8397489625000001 0.15646841875 0.80156508203125 0.1912124796875 0.96297853515625 0.3545098671875 1 0.27459835234374996 0.7737949726562501 0.00185708515625 0.65972220859375 0.00086805234375 0.73561125078125 0.0921917546875
0 0.8501627335937499 0.15820559765625 0.7824732210937501 0.08003134140625 0.7118055421875 0.0763888859375 0.80156508203125 0.1912124796875 0.8501627335937499 0.15820559765625
1 0.7928869921875 0.00359426484375 0.9976910531250001 0.19816135546875 1 0 0.7928869921875 0.00359426484375
1 0.18888826328125 0.99553876796875 0.21492269140625 0.79054844296875 0.18368137812500002 0.56297455078125 0.1628538359375 0.1321475125 0.00607637578125 0.21440971874999998 0.0031759046875000003 1 0.18888826328125 0.99553876796875
1 0.21492269140625 0.389253928125 0.21318701015625 0.33887501640625 0.28087652265625 0.34408663359374997 0.30517526953125 0.40488877968750003 0.54816336953125 0.49174909062500005 0.56031266328125 0.45353059218749997 0.385014234375 0.199898534375 0.16753470859375 0.13107638593749998 0.18715258203125001 0.39793998359375 0.21492269140625 0.389253928125
0 0.171531925 0.42920968593750003 0.20277323906250003 0.7002137734375 0.18541690078125 0.993801509375 0.6297378578124999 1 0.65230108125 0.8704599578125001 0.55510577734375 0.70368821171875 0.27740531874999996 0.72279742109375 0.21180554218749997 0.43055555234375 0.171531925 0.42920968593750003
0 0.25831329921875 0.32324016484375 0.171531925 0.32497734453125 0.1767388109375 0.41531201328125 0.25484209453125 0.602930228125 0.38154303046875004 0.60640466640625 0.36071548828125 0.42399806875 0.25831329921875 0.32324016484375
0 0.9907486453125 0.5820837601562501 0.58461156875 0.44658171640625 0.53948512109375 0.49348626953124997 0.3659223734375 0.42920968593750003 0.3758680421875 0.47743055234375 0.9890129632812499 0.651572040625 0.9907486453125 0.5820837601562501
0 0.70263425546875 0.7210602421875 0.80156508203125 0.7332206554687499 0.8033007632812501 0.63767436875 0.7373467734375 0.5890326359375 0.61284720859375 0.59722221875 0.5533702554687501 0.6533092203125 0.70263425546875 0.7210602421875
0 0.6627148523437499 0.8982553023437501 0.8085076492187501 0.8895691671874999 0.8085076492187501 0.8287670210937501 0.6493055421875 0.83159721875 0.6627148523437499 0.8982553023437501
1 0.27740531874999996 0.7175858039062499 0.56031266328125 0.7332206554687499 0.5498988921875 0.545602440625 0.3884854390625 0.48827465234374995 0.3884854390625 0.61509072109375 0.2687270703125 0.62030233828125 0.27740531874999996 0.7175858039062499
0 0.6453585140625 0.8930436851562501 0.6453585140625 1 0.7113123453125 0.993801509375 0.7170138757812501 0.9045138859374999 0.6453585140625 0.8930436851562501
1 0.6314735390624999 0.7002137734375 0.63320906171875 0.8148694289062499 0.8328063953125 0.807920553125 0.8241283062500001 0.99901312578125 0.9976910531250001 0.9972760265625 0.9942198492187501 0.64983478203125 0.81597220859375 0.6076388859375 0.8171857390625 0.74190671015625 0.6314735390624999 0.7002137734375
1 0.7251974796875 0.99553876796875 0.8171857390625 0.993801509375 0.8171857390625 0.8808831921875001 0.73003470859375 0.89930555234375 0.7251974796875 0.99553876796875