1 0.655252690625 0.00250645859375 0.1004891703125 0.00207245546875 0.00021606015625 0.41494771328124996 0.59799609609375 0.43984375 0.6109672828125 0.43984375 0.6527398609375 0.27133898125 0.655252690625 0.00250645859375
1 0.5506478125000001 0.444605046875 0.53867485234375 0.41468655 0.46234754687499996 0.420670271875 0.46384413828125004 0.46704391875000006 0.050893299999999995 0.4438198125 0.05077862109375 0.7707166476562499 0.74670426015625 0.76024521953125 0.6658871804687501 0.43712542265625 0.5506478125000001 0.444605046875
1 0.753477628125 0.7955848999999999 0.05691769453124999 0.77969451015625 0.0030394890625000002 0.99660361015625 0.796875 0.9999986296875001 0.796875 0.9816551835937499 0.7558366296875 0.911335940625 0.753477628125 0.7955848999999999
1 0.6713566703125 0.079704125 0.8504452671875 0.1078125 0.8525317445312499 0.1078125 0.87734375 0.015725303906249998 0.87734375 0.01165464609375 0.63094813046875 0.00010473046875 0.6713566703125 0.079704125
1 0.67486672890625 0.19777745 0.78112643359375 0.57774237890625 0.9876592499999999 0.52388905078125 1 0.0661360765625 0.95024389296875 0.08558308828125 0.9322845671875 0.00031536093750000004 0.8984918429687501 0.01534284453125 0.8993588703125001 0.06763197890625 0.85895033046875 0.13494859609375 0.67486672890625 0.19777745
1 0.9341477890625001 1 0.99609375 0.6089954093750001 0.99609375 0.60457897109375 0.78448362890625 0.550832990625 0.78598010625 0.99811453671875 0.932802034375 1 0.9341477890625001 1
0 0.9414664484375 0 0.9414664484375 0.06602543984375 0.9913197031250001 0.08203125 0.992763790625 0.08203125 0.9999398015625 0.009618972656249999 0.9421313570312501 0 0.9414664484375 0
0 0.673586984375 0.158718484375 0.61982218671875 0.38886643828125 0.6508933460937499 0.39921875 0.65141632265625 0.39921875 0.70439656328125 0.16402344296875 0.673586984375 0.158718484375
0 0.75703076640625 0.6095966203125001 0.72945369453125 0.6286277874999999 0.7815756859375 0.83507157890625 0.8049517312500001 0.826893678125 0.75703076640625 0.6095966203125001
0 0.72214746796875 0.34806866406250003 0.7266420140625 0.38295341562499996 0.81663975390625 0.36776599453125003 0.81079574296875 0.33739117421875 0.72214746796875 0.34806866406250003
2 0.00017315703125 0.56369214140625 0.0051468984375 0.7816079664062501 0.010120640625 0.910507528125 0.0484375 0.9643393554687499 0.0484375 0.90683400703125 0.0325025734375 0.87570731171875 0.01841023125 0.57079091484375 0.04676559609375 0.35557264765625 0.0484375 0.30221231796875003 0.0484375 0.28453393203125 0.017581284375 0.372290825 0.00017315703125 0.56369214140625