2 0.40904827499999996 0.8655208421875 0.47907674609375006 0.9122488578124999 0.5437184109375 0.8996683335937499 0.52576233828125 0.8331706398437501 0.44675591328125003 0.8062121382812499 0.39155001953125 0.798366921875 0.40904827499999996 0.8655208421875
2 0.45752952421875 1 0.343055290625 0.8980505304687499 0.28694740625000004 1 0.45752952421875 1
2 0.6622281304687501 0.9715575624999999 0.7178918421875 0.9428019367187501 0.6555768765625001 0.88996807578125 0.62452049296875 0.9553824609375001 0.6622281304687501 0.9715575624999999
2 0.0481323109375 0.82058995078125 0.10918282734375 0.8924793445312501 0.161255225 0.8978710453125001 0.18818925234375 0.8169955390625001 0.1361168546875 0.7792536359375 0.1361168546875 0.8080094265625 0.07364013046875 0.77411955703125 0.0481323109375 0.82058995078125
0 0.2959253609375 1 0.3533845640625 0.8870876437499999 0.19178040078125 0.7792536359375 0.15766407578125 0.92303225859375 0.0373587 0.834967928125 0.060701578125 0.7271338375 0.16305088125 0.78105092421875 0.16305088125 0.7576868343750001 0.00898049140625 0.64480028046875 0.0050378671875000005 0.98593553984375 0.2959253609375 1
0 0.19227609296874998 0.7708419570312499 0.4651686 1 0.55754527265625 0.9990244875000001 0.35519794765625 0.8701926 0.19227609296874998 0.7708419570312499
0 0.46601611796875 0.9018078875000001 0.345672203125 0.8186781703125 0.28041533125 0.7822029046875 0.28973771953125 0.7533619609375 0.335502296875 0.7660858953125 0.34482468515625003 0.72706584296875 0.30668753671875 0.7084040859375 0.2685503890625 0.71603844609375 0.25414304765625 0.760996321875 0.18549618203125 0.7151901578125 0.18549618203125 0.684652715625 0.13888408593749998 0.66005313515625 0.1346466515625 0.6812596796875 0.11176436249999999 0.66174963359375 0.146511515625 0.62018479453125 0.0922720296875 0.5904956015625 0.062609790625 0.635453515625 0.0007428749999999999 0.59897823125 0.0007428749999999999 0.6159434703125 0.45415117578124997 0.9179248578125 0.46601611796875 0.9018078875000001
0 0.72114514296875 1 0.7558923734375 0.9182680296875001 0.7804696210937501 0.85040703359375 0.699110371875 0.8096904437499999 0.6330059828125 0.77406342734375 0.5923263578125 0.82495916484375 0.72029770234375 0.93862632421875 0.6660581773437501 0.9767981273437499 0.615208646875 0.9547432945312501 0.52452701015625 0.9055440953125 0.46455483593749997 0.9210562695312501 0.60927617578125 0.998004671875 0.72114514296875 1
0 0.5626641578125 0.84845234453125 0.59402131640625 0.789922246875 0.55588416875 0.73648172265625 0.5728340640625 0.69915816875 0.59910626953125 0.70933731640625 0.605038740625 0.684737696875 0.6211411179687499 0.64911068125 0.66012570625 0.6643794023437499 0.6719906484375 0.6414763203125 0.63554845859375 0.6202697757812501 0.63978589375 0.59567015703125 0.6711431304687501 0.58803579609375 0.6965678953125 0.5184783015625001 0.66860065390625 0.50066479296875 0.6372434171875 0.49048564609375 0.625378553125 0.5227196257812501 0.58893636328125 0.5049060984375 0.584698928125 0.51932655078125 0.61181865234375 0.5566501046875 0.5821564515625 0.5795531859375 0.54910425703125 0.537988346875 0.5118146273437499 0.561739678125 0.48723730234374996 0.6558967921875001 0.45757510234375004 0.6431728578125 0.43723528984375 0.69322034609375 0.45588014374999997 0.7017029554687501 0.38953092421875 0.76973685390625 0.5626641578125 0.84845234453125
0 0.8632402203125 0.72109146796875 0.869912284375 0.66766645625 0.771393759375 0.6345784328125 0.77205541953125 0.69103989921875 0.8632402203125 0.72109146796875
0 0.80430359140625 0.8312805546875 0.8054157375000001 0.8045680484375 0.80430359140625 0.7856466734375 0.731350246875 0.7330187328125 0.7220148414062499 0.80679405703125 0.80430359140625 0.8312805546875
0 0.79207161015625 0.87802743984375 0.8676881953125 0.9325655062499999 0.85879224609375 0.9937815976562501 0.9110566085937499 0.9982337156250001 0.9121687546875 0.97263426484375 0.8932645062500001 0.968182146875 0.89882462734375 0.9247743249999999 0.9299608562499999 0.9481477671875 0.9433049835937499 0.8947227554687499 0.85148078359375 0.82311663515625 0.8276558140624999 0.83684562578125 0.79207161015625 0.87802743984375
0 0.169983015625 0.54754304375 0.19892338515625002 0.5192201 0.14892351484375 0.5011292515625 0.13075277578125 0.5211512109374999 0.169983015625 0.54754304375
0 0.013509976562500001 0.3427669953125 0 0.36206798984375 0.0010114406249999998 0.45142444218750005 0.02136621640625 0.41603928515625005 0.042435184375000004 0.4138947296875 0.04386360078125 0.408175921875 0.0299366484375 0.39959770234374997 0.04518587578125 0.357022021875 0.013509976562500001 0.3427669953125
0 0.0020827445312500002 0.47966109375 0.00172563203125 0.53398980859375 0.04779170390625 0.54900169375 0.05921896875 0.52970069921875 0.0445777921875 0.51504625078125 0.05779055234375 0.4710828734375 0.08564445625 0.48037593437500004 0.08171635234374999 0.45285415625000003 0.11599808046875 0.41425216640625007 0.08537094609375 0.39131328125 0.0174381125 0.48466504453125003 0.0020827445312500002 0.47966109375
0 0.20420208828125 0.42819177421875 0.21812903984375 0.3774372953125 0.19038792890625 0.38327626796875 0.17277719296875 0.41818383984374996 0.20420208828125 0.42819177421875
0 0.2516965765625 0.35777888046875 0.24026934453124998 0.38279868281249996 0.24812555234375 0.38923234765625 0.23812673671875 0.4149670078125 0.2709800484375 0.42783433750000005 0.2738368484375 0.38565809453125 0.28919221640625004 0.36492740234375 0.27182967109375 0.34952080859375 0.2613383125 0.36314026718750003 0.2516965765625 0.35777888046875
0 0.05924586171875 0.1753497953125 0.0790827203125 0.14887661562500001 0.053794877343750006 0.14043991328125 0.04161310546875 0.1590246546875 0.05924586171875 0.1753497953125
0 0.24130414765625 0.22476638906250002 0.22587549375 0.23800297890625002 0.25100218124999996 0.25653420390625004 0.2805370328125 0.25344567265625 0.25232463828124996 0.21814809453125 0.24835726640625003 0.19961686875 0.21650234453125 0.18078607421874998 0.20471617812499998 0.19961686875 0.24130414765625 0.22476638906250002
0 0.37222741406250004 0.23314955546875 0.38324790468750003 0.18726272578125 0.4343829046875 0.21550077656250002 0.44760747656250005 0.18196808984374999 0.377225575 0.1510225125 0.3329945296875 0.21461833046874998 0.37222741406250004 0.23314955546875
0 0.06365404531249999 0.0134797171875 0.064535690625 0.00068435 0.037920978125 0.00154329453125 0.0385273578125 0.015244598437500001 0.06365404531249999 0.0134797171875
0 0.08305009218750001 0.15246390625 0.10861759140625 0.12996170468749998 0.07958996406249999 0.11067635234374999 0.07379289140625 0.12201975078125 0.08305009218750001 0.15246390625
0 0.1641607953125 0.14761050390625 0.1782670328125 0.13702123203125 0.166896409375 0.12456601406250001 0.1549035953125 0.14319829374999998 0.1641607953125 0.14761050390625
0 0.23865923359375 0 0.20459692031249999 0.0008818828125000001 0.1870834015625 0.02671630625 0.22367137109375 0.0717207109375 0.239981690625 0.05274827265625 0.27833295078125003 0.08230998203124999 0.2968473515625 0.06024901328125 0.24394906249999998 0.022304116406249998 0.26070017421874997 0 0.23865923359375 0
0 0.3590028421875 0.114077796875 0.379721325 0.08936951015625 0.3471007265625 0.07216194375 0.34313335546875 0.052307059375 0.33555658906249997 0.0518106421875 0.33255369765625 0.09819388984375 0.3590028421875 0.114077796875
0 0.4048480125 0.03245216484375 0.42688899375 0.02362777578125 0.39309947421875 0.00286611953125 0.38236623984375 0.03245216484375 0.4048480125 0.03245216484375
0 0.45510138749999995 0.162611965625 0.473174996875 0.12025487890625 0.427492921875 0.11332200234375 0.41719096015624996 0.15246390625 0.45510138749999995 0.162611965625
0 0.46219421796875004 0.02785481484375 0.49349235937499997 0.04594480703125 0.5121537179687501 0.00286611953125 0.49878218828125 0.008882356249999999 0.46219421796875004 0.02785481484375
0 0.5382687859375 0.13191424921875 0.567803678125 0.149121815625 0.5889629937499999 0.12088376484375 0.57265267421875 0.10897083437499999 0.5647179312499999 0.13191424921875 0.55193419140625 0.12308986953125 0.5536974406249999 0.10411741171875 0.51281513046875 0.086865503125 0.5382687859375 0.13191424921875
0 0.58302094453125 0.23268582421875 0.5993312234375 0.24195143671875 0.6107925468750001 0.22518508359374997 0.62578036875 0.22474387109375 0.6482621414062499 0.19827069140625 0.61334982578125 0.17483336171875 0.58302094453125 0.23268582421875
0 0.6143190859375001 0.30478728984375 0.6024169710937499 0.3281719375 0.62710282578125 0.3369963171875 0.6293069484375 0.352880225 0.58698831640625 0.3767060859375 0.5702371648437501 0.35464511718749997 0.56142079609375 0.37405876796875004 0.529240990625 0.34140852734375 0.52262870390625 0.3427321859375 0.5138123359375 0.37229389609374997 0.53629410859375 0.3952373109375 0.54511047734375 0.400531946875 0.5481962242187499 0.39082512109375 0.56538816796875 0.39391365234375 0.5640657109375 0.41465100234375 0.57332291171875 0.41597466171875 0.5839025695312501 0.3974434359375 0.64164985546875 0.40538538984374994 0.64429476953125 0.39126633437499997 0.6575193421875001 0.39214878046875 0.653992803125 0.409797559375 0.668099 0.42877001796875 0.69102160546875 0.3639107296875 0.72055649765625 0.3550863296875 0.7302544906249999 0.33126046875 0.69587060234375 0.320671196875 0.6905807734375 0.29728654921875003 0.66633575078125 0.29772778203125 0.66942145703125 0.3136116890625 0.6464988921875 0.31008192578125 0.65267034609375 0.27831411093749997 0.6253395765625 0.2664011796875 0.61255579609375 0.27831411093749997 0.5993312234375 0.27346068749999997 0.60109451328125 0.26463630781249997 0.56891470703125 0.25272337734375 0.56538816796875 0.26463630781249997 0.5825801125 0.26904849765625 0.5746453687499999 0.284049959375 0.59086180234375 0.29256478124999996 0.6143190859375001 0.30478728984375
0 0.73824034375 0.1499633953125 0.75058329140625 0.16452364375 0.7664527789062501 0.149522171875 0.7390181953125 0.1199361265625 0.72281168984375 0.13672680546875 0.73824034375 0.1499633953125
0 0.62627231171875 0.14378631328125 0.65404391328125 0.10098801406249999 0.6358378499999999 0.08951115312499999 0.59673741953125 0.1226077703125 0.62627231171875 0.14378631328125
0 0.7492652468750001 0.33060406015625 0.781445053125 0.29927745859375 0.796432875 0.30457209375 0.83302088515625 0.283834784375 0.77804153046875 0.2555256828125 0.7338365921875 0.323985765625 0.7492652468750001 0.33060406015625
0 0.78717567421875 0.44943810468749995 0.80789419765625 0.4092871234375 0.78201000546875 0.3897924140625 0.75499590859375 0.43576030234375 0.78717567421875 0.44943810468749995
0 0.98811068515625 0.49422266718749996 0.9521377046874999 0.5114753624999999 0.945392784375 0.5279779171875 0.93115348359375 0.54823106796875 0.9671263953125001 0.5587327125 1 0.5264777070312501 0.9986026929687499 0.45221615703125 0.9611309328125 0.42521195703125 0.945392784375 0.46571825703125 0.9145657164062501 0.44228997890625 0.90192549296875 0.4762198671875 0.98811068515625 0.49422266718749996
0 0.9956049960937501 0.63813447109375 1 0.5833759656249999 0.9719134851562499 0.5637323125 0.9274063281249999 0.6118804109375 0.9956049960937501 0.63813447109375
1 0 0.34583426796875 0.109022571875 0.423846446875 0.22143793750000001 0.1965610625 0.3256094828125 0.25882075703125 0.3900609609375 0.10879741171874999 0.47549662578124996 0.1500538171875 0.5571851359375 0.0495381890625 0.9993522203125 0.36833776796875 1 0.30532796796875 0.5864131265625 0.0015307171875 0.43727540703125 0.0000304890625 0.4455191765625 0.05178853906250001 0.38931150234375 0.0465377171875 0.3668284328125 0.0000304890625 0.28663883984375 0.006031417187500001 0.30612414453125003 0.08179321171875001 0.195207678125 0.0847936671875 0.18921218125 0.0037810671875 0.11052143750000001 0 0.11052143750000001 0.0330356171875 0.04681941796875 0.0352859671875 0.0385756140625 0.0045311890625 0.0026237484375 0.00374821875 0 0.34583426796875
1 0.0355778828125 0.6191234734375 0.09028667421875 0.55986426796875 0.16822799453124998 0.61987361328125 0.16972687734375 0.6753822234375 0.25291423515625 0.75256627890625 0.26040858046875004 0.73681382890625 0.28963657109374996 0.70380871796875 0.3518397421875 0.7345634789062501 0.30312641328125 0.7998236289062499 0.3458442453125 0.82907817890625 0.368327315625 0.76156767890625 0.43352825234375 0.75556676796875 0.48074269843749995 0.63404783359375 0.52420992109375 0.52678113828125 0.584914209375 0.5672874382812501 0.60290066484375 0.556785828125 0.58116705390625 0.5185298781250001 0.63212865546875 0.5147792828125 0.65461172578125 0.42176482734375 0.21289889999999997 0.20952550625000002 0.01159593046875 0.60487130234375 0.0355778828125 0.6191234734375
1 0.56020158671875 0.74122520078125 0.6066666429687501 0.77573055625 0.62015648515625 0.7202219109375 0.57385250234375 0.70204163671875 0.56020158671875 0.74122520078125
1 0.617908178125 0.9512578906250001 0.61865756796875 0.935505440625 0.5751903453125 0.9032504007812501 0.60516772578125 0.852242490625 0.5783503664062499 0.84147542734375 0.54071628203125 0.9002499117187501 0.617908178125 0.9512578906250001
1 0.7573200890625 0.9098965265625001 0.84875121640625 0.9519030367187501 0.87348259296875 0.93089978125 0.7762563921875001 0.8909519335937499 0.7573200890625 0.9098965265625001
1 0.8187737671875001 0.99465968671875 0.84875121640625 0.9691557320312499 0.756016003125 0.9269348468749999 0.7393336328125 0.95340328203125 0.8187737671875001 0.99465968671875
1 0.723595484375 0.9969100367187499 0.7768053929687501 0.99165923203125 0.74158193984375 0.9751566765625 0.723595484375 0.9969100367187499
1 0.87947805546875 0.8093808812500001 0.898963428125 0.8671398765625 0.94829969765625 0.8909519335937499 0.9671620273437499 0.85288763671875 0.87947805546875 0.8093808812500001
1 0.9334374226562501 0.9444018812499999 0.9049588906249999 0.93615058671875 0.90332105546875 0.9629177609375 0.92219588828125 0.9669053820312501 0.9334374226562501 0.9444018812499999
1 0.91020496328125 0.7974357421875 0.9776541726562501 0.83944225234375 0.9978889351562501 0.730675346875 0.9724081 0.7141727921875 0.9604171062500001 0.7471779023437499 0.9246859109375001 0.729028821875 0.91020496328125 0.7974357421875
1 0.8150266117187501 0.7934057859375 0.840507446875 0.7506491359374999 0.76256609296875 0.6943903859375 0.79853900390625 0.569120925 0.834511915625 0.4543530578125 0.75057516796875 0.44085095703125 0.6606428890625 0.596125125 0.69436749375 0.636631425 0.6224216703125001 0.7619008859374999 0.66588889296875 0.7821540359375 0.715535225 0.8111148437500001 0.7280920984375 0.74014752578125 0.8150266117187501 0.7934057859375
1 0.8719837445312499 0.64634890078125 0.8060333835937501 0.81362490625 0.87183600625 0.8234839703124999 0.92219588828125 0.6658519453125 0.8719837445312499 0.64634890078125
1 0.9686609445312501 0.61484400078125 0.94992503046875 0.63809760625 0.9162004257812499 0.6230952953125 0.9731575585937501 0.5668365453125 0.9214464984375 0.5420826953125 0.89521620390625 0.5900901507812499 0.89671512109375 0.5600854953125001 0.84875121640625 0.5270803500000001 0.8240198398437499 0.5533344453125 0.8217715328124999 0.5293307 0.80903114921875 0.50907755 0.8360108328125 0.45056845 0.79479184921875 0.44456750546875 0.7850491625 0.4573195 0.7520740164062499 0.44756797734375003 0.691369728125 0.61559410546875 0.764065009375 0.6546001953125 0.79179408359375 0.61559410546875 0.86373990625 0.66060110625 0.9977762039062499 0.7189086273437499 1 0.65309995078125 0.9686609445312501 0.61484400078125
1 0.82137583828125 0.0030263546875 0.59253145078125 0.0020516335937500003 0.60246656640625 0.0048703828125 0.77073797734375 0.11901456015625 0.82137583828125 0.0030263546875
1 0.9109660640625 0.03908990859375 0.9255731562499999 0.10536891484375 0.9664730148437499 0.11998928046874999 0.9976347828125001 0.00497570703125 0.8274783343750001 0.0048703828125 0.8272186749999999 0.04591273125 0.9109660640625 0.03908990859375
1 0.7609998859375 0.11609048671875 0.8223496742187499 0.147280615625 0.86130195 0.11511581093750001 0.8944113 0.07320411015625 0.8041004882812499 0.06623722890625 0.7609998859375 0.11609048671875
1 0.842799603125 0.17554667109375 0.9947133640624999 0.2915348765625 0.990818109375 0.13558432265625 0.95283966953125 0.20771147578125002 0.862545103125 0.15682638203125 0.842799603125 0.17554667109375
0 0.8447471859375 0.159951584375 0.8914898812500001 0.159951584375 0.92167790234375 0.16579973046875002 0.9180674874999999 0.0983817671875 0.82040209140625 0.14825529140625 0.8447471859375 0.159951584375