2 0.9907486453125 1 0.99595553046875 0.389253928125 0.9438866750000001 0.389253928125 0.30034720859375 0.97743055234375 0.9907486453125 1
0 0.22186509999999998 0.8582994648437501 0.27914084140625 0.8426646140624999 0.21492269140625 0.75232994453125 0.04513887578125 0.7404513859375 0.22186509999999998 0.8582994648437501
0 0.1750031296875 0.95210857265625 0.249635209375 0.9555830898437501 0.24826387578125 0.90190971875 0.1784744921875 0.89651804296875 0.1750031296875 0.95210857265625
0 0.31038215468749997 0.6758928671875 0.30170406484375 0.61509072109375 0.25347220859375 0.6232638859375 0.2565777765625 0.6897905398437499 0.31038215468749997 0.6758928671875
0 0.28087652265625 0.7679647953125001 0.3242672890625 0.7540671234375 0.32079592578125 0.681104484375 0.26128470859375 0.7170138859375 0.28087652265625 0.7679647953125001
0 0.7425536593750001 0.5108583796875 0.85363393828125 0.39793998359375 0.92305913203125 0.3267145234375 0.9942198492187501 0.21553338593750002 0.9369441078125 0.14430792578125 0.86751891328125 0.00185708515625 0.75470311171875 0 0.7321398875 0.08350573984375001 0.7824732210937501 0.0921917546875 0.7824732210937501 0.142570746875 0.56031266328125 0.2867588453125 0.51518637421875 0.257226321875 0.5516345734375 0.21727056484374999 0.51518637421875 0.2051101515625 0.45791063281250005 0.22595661953124999 0.48220937968750005 0.3058680546875 0.35377292109375 0.2589635015625 0.32600281171875 0.31976572734375003 0.4041060953125 0.413574834375 0.37286478203125 0.448318975 0.4041060953125 0.50390950390625 0.31211783671875 0.5716605257812499 0.30517526953125 0.63593718984375 0.40757745859375005 0.7245346796875001 0.27914084140625 0.84613913125 0.30864663203125 0.8774088335937501 0.64015162890625 0.61682790078125 0.7425536593750001 0.5108583796875
0 0.05871604453125 0.1912124796875 0.16458935859374998 0.25027752578125 0.22707198515625 0.203372971875 0.2756696375 0.23985429140624998 0.27914084140625 0.2294310578125 0.331209696875 0.26591237734375 0.4110486625 0.16341721484375 0.31211783671875 0.13562195 0.18888826328125 0.17036601093749998 0.13855493046875 0.13909630859375 0.15938247265625 0.07134528671875 0.07260109921874999 0.041812803125 0.04513887578125 0.08940971875 0.11078497968750001 0.11824984062499999 0.05871604453125 0.1912124796875
0 0.01358967578125 0.7332206554687499 0.0361529 0.7332206554687499 0.131612521875 0.63941154765625 0.15591126875 0.5786094015625001 0.01909720859375 0.5607638859375 0.01358967578125 0.7332206554687499
1 0 0.44484453671875 0.23575023359374997 0.51954435546875 0.29996838359375 0.54733969921875 0.34509483125 0.51259555859375 0.39889921015624996 0.39272836640625003 0.3364165828125 0.3458238125 0.3364165828125 0.2624379390625 0.22186509999999998 0.19294973828125 0.14549749765625 0.257226321875 0.062187328124999997 0.20163571328125 0.10731361640624999 0.1269358953125 0.0399305421875 0.09722221875 0 0.44484453671875
1 0.11946306953125001 0.7349579140625 0.18541690078125 0.74190671015625 0.30864663203125 0.5786094015625001 0.001440303125 0.335400578125 0.01128470859375 0.55034721875 0.1750031296875 0.5820837601562501 0.11946306953125001 0.7349579140625
1 0.1524400640625 0.08524295859375 0.14376181562499998 0.142570746875 0.21839389531250003 0.1807892453125 0.26699154765625 0.01228031953125 0 0 0.00491158671875 0.1130382234375 0.03732637578125 0.09722221875 0.1524400640625 0.08524295859375
1 0.44923254296875 0.19294973828125 0.49783003593749997 0.16515439375000002 0.6575079671874999 0.20684733046875 0.75643879296875 0.10956386484375 0.71999059375 0.0070687023437499994 0.2687270703125 0.00880588203125 0.2721984328125 0.13909630859375 0.3780716671875 0.12519871640625 0.40931298125 0.15473116015625 0.35763887578125 0.25086805234375 0.478738175 0.288496025 0.44923254296875 0.19294973828125
1 0.001440303125 0.79923457734375 0.05871604453125 0.8600367234374999 0 0.89651804296875 0.01185407421875 0.98511553359375 0.171531925 0.9972760265625 0.26178466171875 0.89651804296875 0.01128470859375 0.74565971875 0.001440303125 0.79923457734375