0 0.5047726031249999 0.36840746015625003 0.40451387578125003 0.30555555234375 0.30517526953125 0.4031516 0.39369232421875 0.5108583796875 0.49088762812500003 0.44658171640625 0.5047726031249999 0.36840746015625003
0 0.60387493828125 0.32158277421875 0.65767931640625 0.338954884375 0.68984375 0.31015005 0.68984375 0.305558021875 0.678908365625 0.25355208671875 0.60387493828125 0.32158277421875
0 0.652982271875 0.40872927109374996 0.65067739921875 0.83359375 0.65327763671875 0.83359375 0.99921875 0.7338430984375 0.99921875 0.7303394773437499 0.8815761164062501 0.30071327187499997 0.652982271875 0.40872927109374996
0 0.44878470859375 0.7951388859375 0.44923254296875 0.8635110820312499 0.51692205625 0.8687226992187499 0.51345069296875 0.82529266328125 0.44878470859375 0.7951388859375
0 0.21440970859375003 0.12847221874999998 0.195830671875 0.17210326953125 0.251370890625 0.18947529999999999 0.2565777765625 0.16689165234375 0.21440970859375003 0.12847221874999998
0 0.34674623984375 0.11834950390625001 0.34674623984375 0.1583052609375 0.3 0.21375858359375002 0.3 0.21422407031250001 0.3101359890625 0.24296875 0.31098675937500003 0.24296875 0.40390625 0.1809661328125 0.40390625 0.10625 0.40373509687500003 0.10625 0.34674623984375 0.11834950390625001
1 0.82238744375 1 0.8272980257812501 0 0.433606546875 0.5872953773437499 0.181940515625 0.60987910390625 0.19756117265625 0.7280090382812501 0.0031707242187499996 0.7922857015625 0.0031707242187499996 0.8617739828125 0.13507854531250002 0.82008104609375 0.44228479531250003 0.78012520859375 0.54989371171875 0.79402296015625 0.6783301703125 0.8930436851562501 0.7859392445312501 1 0.82238744375 1
1 0.28781908984375 0.1599427765625 0.28781908984375 0.08524295859375 0.35724412499999997 0.11130104375000001 0.4041060953125 0.00185708515625 0.01388887578125 0 0.1784744921875 0.24854026718750002 0.19756635312499998 0.12346145703125 0.28781908984375 0.1599427765625
1 0.3168795078125 0.1875622703125 0.19885666171875 0.24662723749999999 0.1936497765625 0.30221784609375 0.31279710859375 0.409375 0.31373128203125 0.409375 0.4015625 0.26000378984375 0.4015625 0.238226521875 0.39845399609375 0.16671580156250002 0.3168795078125 0.1875622703125
1 0.85168782734375 0.460791353125 0.84300973671875 0.35655901171875 0.94020488125 0.30444284140625 0.94367608671875 0.18805008671875 0.988802534375 0.1585175625 0.9974806234375 0.11682462578125 0.95582553828125 0.00564344921875 0.3674474671875 0.00216905078125 0.3587693765625 0.38956589296875 0.7354006617187501 0.24711505390625002 0.752757 0.31486607499999997 0.79432109375 0.6078125 0.795516790625 0.6078125 0.96797499140625 0.5076959078125001 0.85168782734375 0.460791353125
0 0.49435883203125003 0.5647117296874999 0.4383680421875 0.55555555234375 0.44576118046874996 0.59076981484375 0.48394506093749995 0.602930228125 0.49435883203125003 0.5647117296874999
1 0.624530971875 0.7262718593749999 0.65577228515625 0.7210602421875 0.7737949726562501 0.30065643828125 0.6974273703125 0.281547228125 0.6974273703125 0.3267145234375 0.6076388757812501 0.32118055234375 0.5672552304687499 0.5872953773437499 0.64882971875 0.60640466640625 0.624530971875 0.7262718593749999
1 0.09117465078125 1 0.45078125 0.985427671875 0.45078125 0.9853779953125 0.31577170390625 0.8567449585937499 0.1838638828125 0.8081031460937499 0.0901399421875 0.8028915289062499 0.08671875 0.99734010234375 0.08671875 1 0.09117465078125 1
1 0.9206668476562501 0.81067707890625 0.45335670625 0.9068544703124999 0.44761968906250005 0.99921875 0.5879878320312499 0.99921875 0.9983440124999999 0.9971892195312501 0.99921875 0.93415283203125 0.99921875 0.8722444546875 0.92197641015625 0.8842707437499999 0.9206668476562501 0.81067707890625
1 0.9942198492187501 0.8843575507812499 0.9930555421875 0.83680555234375 0.8275995101562501 0.79749731875 0.8275995101562501 0.8635110820312499 0.9942198492187501 0.8843575507812499