2 0.9438866750000001 0.389253928125 0.30034720859375 0.97743055234375 0.9907486453125 1 0.99595553046875 0.389253928125 0.9438866750000001 0.389253928125
0 0.0453125 0.8421435484375 0.0453125 0.8424863804687501 0.1014572515625 0.8578125 0.10276355859375 0.8578125 0.27890625 0.7403535437500001 0.27890625 0.74023171640625 0.1093265421875 0.7520959953124999 0.0453125 0.8421435484375
0 0.17655529375 0.9017884101562499 0.17520374296875002 0.9546875 0.19181539921875 0.9546875 0.24921875 0.95201507109375 0.24921875 0.9424222421874999 0.24634467734375 0.8963967343749999 0.17655529375 0.9017884101562499
0 0.25347220859375 0.6232638859375 0.2565777765625 0.6897905398437499 0.31038215468749997 0.6758928671875 0.30170406484375 0.61509072109375 0.25347220859375 0.6232638859375
0 0.2645581984375 0.68102974921875 0.261086834375 0.75399238828125 0.30228409609375 0.7671875 0.30474775234374996 0.7671875 0.324069415625 0.7169391507812499 0.2645581984375 0.68102974921875
0 0.96822382578125 0.63596973203125 0.9612812585937499 0.57169306796875 0.8692930000000001 0.5039420453125001 0.90053431328125 0.4483515171875 0.8692930000000001 0.41360737578125006 0.94739628359375 0.31979826953125 0.91962617421875 0.25899604374999996 0.7911897156250001 0.30590059687500004 0.8154884625 0.22598916171875 0.75821272109375 0.20514269375 0.7217645218750001 0.21730310703125003 0.75821272109375 0.2572588640625 0.71308643203125 0.2867913875 0.49092587421875 0.1426032890625 0.49092587421875 0.092224296875 0.5412592078125 0.08353828203125 0.51869598359375 0.0000325421875 0.40588018203125 0.0018896273437499999 0.33645498749999997 0.14434046796875 0.27917924609375 0.21556592812500003 0.35033996328125 0.326747065625 0.41976515703125 0.39797252578125 0.5308454359375 0.510890921875 0.63324746640625 0.61686044296875 0.96462826640625 0.87734375 0.9648445820312499 0.87734375 0.99375 0.84671031171875 0.99375 0.84569045625 0.8658216367187499 0.724567221875 0.96822382578125 0.63596973203125
0 0.296836296875 0.07130162734375 0.31766383828125 0.13905264921875 0.26733050625 0.17032235078125 0.1441009328125 0.13557828984375 0.045170107031250004 0.16337355546875001 0.1242106703125 0.26484375 0.12647198359375 0.26484375 0.177077928125 0.22938739843749997 0.18054913203125 0.23981063125 0.229146784375 0.20332931250000003 0.2916294109375 0.25023386640625 0.397502725 0.19116881953125 0.34543378984375 0.11820618046875 0.41015625 0.08977184140625 0.41015625 0.0877652203125 0.3836176703125 0.04176914375 0.296836296875 0.07130162734375
0 0.131612521875 0.63941154765625 0.15591126875 0.5786094015625001 0.01909720859375 0.5607638859375 0.01358967578125 0.7332206554687499 0.0361529 0.7332206554687499 0.131612521875 0.63941154765625
1 0.29174536328125 0.1269512296875 0.33687165234375 0.201651046875 0.25356148203125 0.25724165546875 0.1771938796875 0.19296507265625001 0.06264239687499999 0.26245327343749997 0.06264239687499999 0.34583914609375 0.0001597703125 0.39274370078125 0.053964148437500005 0.5126108921875 0.09909059609375001 0.5473550328125001 0.16330874687500002 0.51955968984375 0.3984375 0.44505679374999996 0.3984375 0.4394494640625 0.35912843828124996 0.097237553125 0.29174536328125 0.1269512296875
1 0.30864663203125 0.5786094015625001 0.001440303125 0.335400578125 0.01128470859375 0.55034721875 0.1750031296875 0.5820837601562501 0.11946306953125001 0.7349579140625 0.18541690078125 0.74190671015625 0.30864663203125 0.5786094015625001
1 0.048556982812499996 0.18046875 0.049634410156249996 0.18046875 0.12332770859375 0.14273099453125 0.11464946015625 0.08540320625 0.2297631484375 0.09738246640625 0.2621779375 0.11319847109375 0.26640625 0.01588553359375 0.26640625 0.000191675 0.00009797578124999999 0.0124405671875 0.048556982812499996 0.18046875
1 0.6575079671874999 0.20684733046875 0.75643879296875 0.10956386484375 0.71999059375 0.0070687023437499994 0.2687270703125 0.00880588203125 0.2721984328125 0.13909630859375 0.3780716671875 0.12519871640625 0.40931298125 0.15473116015625 0.35763887578125 0.25086805234375 0.478738175 0.288496025 0.44923254296875 0.19294973828125 0.49783003593749997 0.16515439375000002 0.6575079671874999 0.20684733046875
1 0 0.8965383320312499 0.08987534765625001 0.996875 0.09526891796875 0.996875 0.24989763125 0.9850990312500001 0.26171875 0.89674785 0.26171875 0.8964810648437499 0.20303566171875 0.86002022109375 0.260311403125 0.799218075 0.250466996875 0.74564321640625 0 0.89648169375 0 0.8965383320312499